nRun,angle,targetCellId,downloadTime,rxBytes,rsrp1,rsrq1,rsrp2,rsrq2,rsrp3,rsrq3,previousrsrp1,previousrsrq1,previousrsrp2,previousrsrq2,previousrsrp3,previousrsrq3
201,16.5996,2,100.0,11376936,-91.1995,-9.70397,-90.5087,-9.01321,-87.2247,-5.7292,-91.0389,-9.48503,-90.5226,-8.96872,-87.3955,-5.84158
202,8.85943,2,100.0,4071776,-91.5365,-3.51955,-102.43700000000001,-14.4203,-105.262,-17.2447,-91.1553,-3.4695400000000003,-102.522,-14.8358,-105.374,-17.6878
203,2.65076,2,100.0,5657336,-91.3629,-4.2005300000000005,-98.0571,-10.8948,-101.34100000000001,-14.1789,-91.1047,-4.11766,-98.1516,-11.1646,-101.449,-14.4621
204,12.5998,2,100.0,4187616,-91.4331,-4.15693,-106.788,-19.5119,-97.0829,-9.80671,-91.1832,-4.072780000000001,-106.855,-19.7444,-97.2145,-10.1041
205,-31.3147,2,35.3361,15728640,-91.1814,-8.81978,-87.78200000000001,-5.42036,-93.2447,-10.8831,-91.0237,-8.565430000000001,-88.0359,-5.57762,-93.2211,-10.7628
206,-50.7003,2,40.023,15728640,-91.4287,-3.22244,-105.161,-16.9544,-112.95299999999999,-24.7471,-91.1799,-3.2054,-105.311,-17.3364,-112.93,-24.9556
207,-39.5498,2,100.0,12206640,-93.8411,-5.7626800000000005,-107.637,-19.5585,-94.5894,-6.511,-93.566,-5.62982,-107.786,-19.8494,-94.5958,-6.659680000000001
208,-39.0367,2,43.9421,15728640,-91.5896,-3.42792,-106.87899999999999,-18.7174,-103.09899999999999,-14.9375,-91.2719,-3.39531,-107.015,-19.1383,-103.117,-15.2403
209,-41.0849,2,31.8051,15728640,-91.1755,-4.0111300000000005,-104.09,-16.9261,-98.0071,-10.8428,-91.0124,-3.9744099999999998,-104.34,-17.3022,-97.9703,-10.9323
210,-5.6634400000000005,2,100.0,0,-137.43200000000002,-24.2248,-119.678,-6.47098,-120.86200000000001,-7.65525,-137.455,-24.2242,-119.709,-6.47864,-120.889,-7.6588899999999995
211,-30.298000000000002,2,43.8711,15728640,-91.4061,-3.5341699999999996,-100.544,-12.6718,-113.971,-26.0992,-91.1565,-3.4904900000000003,-100.70100000000001,-13.0353,-113.992,-26.3258
212,-54.6398,2,38.836999999999996,15728640,-91.5278,-5.95056,-105.28299999999999,-19.706,-91.8656,-6.28838,-91.2931,-5.84933,-105.43299999999999,-19.9893,-91.8314,-6.387630000000001
213,-42.9,2,45.0551,15728640,-94.4993,-3.4451199999999997,-106.079,-15.0252,-109.13,-18.0762,-94.1541,-3.40573,-106.20200000000001,-15.4532,-109.15100000000001,-18.4027
214,28.099,2,100.0,0,-139.891,-27.5319,-214.611,-102.25200000000001,-116.162,-3.80301,-139.862,-27.5368,-214.578,-102.25399999999999,-116.12100000000001,-3.7963400000000003
216,-49.7016,2,40.933,15728640,-91.3534,-6.5780899999999995,-92.9241,-8.14873,-93.7447,-8.9693,-91.0793,-6.38856,-93.0654,-8.37467,-93.7306,-9.039819999999999
217,18.5293,2,100.0,7800376,-92.7882,-3.8363199999999997,-108.744,-19.7919,-100.16,-11.2079,-92.5982,-3.77958,-108.773,-19.954,-100.32600000000001,-11.507
218,10.6339,2,22.3781,15728640,-99.4389,-8.35334,-200.794,-109.709,-95.6044,-4.5187800000000005,-99.3298,-8.26944,-200.752,-109.691,-95.6143,-4.55392
219,-36.8918,2,100.0,0,-131.808,-15.1747,-125.62200000000001,-8.98841,-125.66799999999999,-9.034310000000001,-131.789,-15.1678,-125.59100000000001,-8.96911,-125.65700000000001,-9.034889999999999
220,-11.3381,2,100.0,14577016,-91.53299999999999,-4.70482,-98.0779,-11.2497,-97.4694,-10.6412,-91.257,-4.58763,-98.20299999999999,-11.5336,-97.5432,-10.8739
221,19.5148,2,100.0,6000512,-91.4444,-4.95073,-105.72200000000001,-19.2283,-94.2414,-7.747730000000001,-91.1866,-4.81286,-105.772,-19.3981,-94.384,-8.01022
222,-17.3472,2,100.0,11520288,-91.43299999999999,-3.38875,-103.18700000000001,-15.1432,-107.70299999999999,-19.6589,-91.2171,-3.36153,-103.339,-15.4831,-107.74700000000001,-19.8918
223,20.0023,2,100.0,7992960,-91.3024,-4.8246400000000005,-96.8996,-10.4218,-97.4598,-10.982000000000001,-91.0948,-4.72444,-96.9327,-10.5623,-97.6213,-11.251
224,-1.77827,2,100.0,9180320,-100.16799999999999,-8.16587,-111.869,-19.8671,-96.7335,-4.73182,-99.9852,-7.98261,-111.96700000000001,-19.9645,-96.8171,-4.81456
225,-29.0596,2,100.0,11098920,-91.3979,-5.06687,-96.4868,-10.1558,-96.6981,-10.367,-91.1866,-4.9538400000000005,-96.6643,-10.4315,-96.7084,-10.4757
226,-12.4942,2,100.0,13291192,-94.6551,-4.25991,-102.557,-12.162,-102.35700000000001,-11.9617,-94.2062,-4.1303,-102.669,-12.593,-102.436,-12.3601
227,-35.9411,2,33.3331,15728640,-91.1921,-13.5223,-81.1491,-3.4794099999999997,-99.4021,-21.7323,-91.0234,-13.1566,-81.3876,-3.5208199999999996,-99.3763,-21.5095
228,-22.584,2,42.5831,15728640,-91.2316,-18.2186,-76.1593,-3.14621,-107.96700000000001,-34.9541,-91.05799999999999,-17.8637,-76.3521,-3.15784,-107.97399999999999,-34.7801
229,28.8502,2,100.0,3902360,-91.4899,-6.95896,-102.95700000000001,-18.4264,-89.9972,-5.46629,-91.2326,-6.72202,-102.984,-18.473,-90.1507,-5.64008
230,19.8036,2,100.0,9021040,-105.74,-3.20191,-123.65899999999999,-21.121,-125.258,-22.72,-105.711,-3.20161,-123.626,-21.1161,-125.21799999999999,-22.7087
231,-26.8394,2,67.714,15728640,-93.111,-3.1934400000000003,-108.98100000000001,-19.063,-111.01700000000001,-21.0998,-92.734,-3.17496,-109.10600000000001,-19.5471,-111.06700000000001,-21.5083
232,-1.25401,2,22.3631,15728640,-89.2096,-3.1795400000000003,-185.97299999999998,-99.9426,-103.26100000000001,-17.2309,-89.1007,-3.17651,-185.949,-100.025,-103.23200000000001,-17.3076
233,50.7299,2,59.711000000000006,15728640,-94.9877,-3.2770099999999998,-111.21600000000001,-19.5056,-109.19,-17.4798,-94.6824,-3.25694,-111.344,-19.9182,-109.186,-17.7603
234,26.8955,2,100.0,12460040,-117.919,-5.47224,-132.924,-20.4776,-121.51,-9.063189999999999,-117.89,-5.47032,-132.892,-20.4724,-121.469,-9.049760000000001
236,-7.1049,2,100.0,6051192,-91.9385,-6.4095,-91.3581,-5.82904,-105.579,-20.0498,-91.4829,-6.1140099999999995,-91.4643,-6.09542,-105.666,-20.2976
237,6.72611,2,100.0,4474320,-91.2475,-4.3226,-96.4342,-9.509310000000001,-104.33,-17.4051,-91.0053,-4.23917,-96.5161,-9.74998,-104.449,-17.6826
239,-4.18783,2,54.9331,15728640,-91.2953,-6.63007,-93.7152,-9.04998,-92.6754,-8.01012,-91.1014,-6.470269999999999,-93.8259,-9.19477,-92.7543,-8.12316
240,-7.82694,2,100.0,7552768,-94.9389,-3.50722,-105.985,-14.552999999999999,-108.803,-17.3717,-94.484,-3.45066,-106.09200000000001,-15.0584,-108.89,-17.8567
241,-35.9824,2,44.2241,15728640,-91.5793,-3.33123,-102.921,-14.6733,-117.495,-29.2465,-91.2279,-3.29901,-103.05,-15.1215,-117.525,-29.5956
242,10.9633,2,100.0,9401864,-91.5787,-4.55954,-99.8267,-12.8075,-97.1356,-10.1165,-91.2927,-4.44551,-99.9025,-13.0553,-97.2588,-10.4116
243,-6.3150900000000005,2,64.3231,15728640,-91.4749,-3.72419,-99.0894,-11.3387,-114.714,-26.9636,-91.1936,-3.6666,-99.2042,-11.6772,-114.801,-27.2739
244,-16.5062,2,22.3651,15728640,-89.6153,-3.0883,-170.227,-83.7001,-107.139,-20.6116,-89.5059,-3.08719,-170.28099999999998,-83.8622,-107.09100000000001,-20.6722
245,0.6634800000000001,2,22.3751,15728640,-88.6536,-3.7017,-178.817,-93.865,-96.2926,-11.3408,-88.5447,-3.68948,-178.78900000000002,-93.9336,-96.2675,-11.4123
246,9.163689999999999,2,100.0,9400416,-116.594,-4.63031,-123.685,-11.720999999999998,-130.55100000000002,-18.5874,-116.565,-4.62714,-123.649,-11.7114,-130.512,-18.5746
247,-14.9295,2,100.0,13312912,-91.5062,-3.9185199999999996,-106.48299999999999,-18.8952,-98.4941,-10.9065,-91.2206,-3.85281,-106.613,-19.2447,-98.5603,-11.1924
248,-19.5038,2,100.0,0,-131.36700000000002,-20.7692,-117.306,-6.707669999999999,-117.1,-6.50202,-131.338,-20.7728,-117.266,-6.70033,-117.066,-6.50098
249,-37.6989,2,35.6151,15728640,-91.3303,-5.90153,-92.1132,-6.68447,-100.913,-15.4848,-91.1327,-5.72626,-92.3096,-6.9031199999999995,-100.898,-15.4917
250,11.7358,2,100.0,7620824,-91.2558,-3.5485300000000004,-106.493,-18.7855,-101.198,-13.4909,-91.054,-3.5123699999999998,-106.54899999999999,-19.0069,-101.336,-13.7948
251,-31.4226,2,44.4891,15728640,-91.3802,-7.190169999999999,-89.91799999999999,-5.728,-98.0167,-13.8266,-91.1231,-6.951060000000001,-90.0732,-5.9011,-98.0367,-13.8646
252,5.270919999999999,2,100.0,9769656,-91.5451,-4.92751,-103.15799999999999,-16.54,-94.6863,-8.06868,-91.2172,-4.77714,-103.24799999999999,-16.8079,-94.7962,-8.35615
253,-35.3221,2,42.4291,15728640,-91.5815,-3.9129300000000002,-98.9245,-11.2559,-104.965,-17.2965,-91.2785,-3.8372300000000004,-99.0653,-11.624,-104.98700000000001,-17.5459
255,-56.7768,2,100.0,0,-89.0411,-3.2749200000000003,-124.425,-38.6588,-101.10600000000001,-15.3401,-89.0184,-3.27368,-124.36200000000001,-38.6178,-101.105,-15.3601
256,-4.06538,2,89.031,15728640,-91.3206,-4.04818,-101.962,-14.6895,-98.6966,-11.4242,-91.0536,-3.97327,-102.073,-14.9924,-98.7879,-11.7075
257,-51.8603,2,100.0,0,-124.45700000000001,-30.5374,-96.9539,-3.03479,-125.118,-31.1993,-124.435,-30.5657,-96.9042,-3.03456,-125.113,-31.2429
259,7.43916,2,100.0,0,-106.292,-3.34635,-118.73899999999999,-15.7935,-131.067,-28.1219,-106.26299999999999,-3.34619,-118.70299999999999,-15.7865,-131.029,-28.1124
261,-57.6586,2,100.0,9018144,-106.559,-6.33847,-108.102,-7.881889999999999,-110.229,-10.0089,-106.535,-6.347569999999999,-108.037,-7.848669999999999,-110.229,-10.0407
263,-20.1458,2,100.0,13422960,-91.9744,-9.74618,-86.2789,-4.0507599999999995,-116.594,-34.3659,-91.5412,-9.318389999999999,-86.3965,-4.17361,-116.66,-34.4371
264,7.39572,2,100.0,0,-117.31200000000001,-5.41921,-120.835,-8.94175,-131.129,-19.2356,-117.28299999999999,-5.41694,-120.79899999999999,-8.93266,-131.09,-19.2239
265,22.9755,2,100.0,6571024,-91.4254,-3.4054900000000004,-102.105,-14.0853,-111.846,-23.8264,-91.1551,-3.3783199999999995,-102.149,-14.3722,-111.99,-24.2133
266,-29.3754,2,100.0,11046792,-91.3165,-7.60832,-89.6684,-5.9602,-95.0807,-11.3725,-91.0776,-7.37127,-89.8301,-6.12378,-95.1004,-11.394
268,-52.0392,2,100.0,6223504,-106.766,-7.35445,-104.603,-5.19165,-119.68299999999999,-20.2723,-106.744,-7.37149,-104.553,-5.1798,-119.678,-20.3048
269,10.8157,2,100.0,11398656,-91.2923,-10.2123,-94.2019,-13.1218,-85.566,-4.48599,-91.1074,-9.961789999999999,-94.2527,-13.1071,-85.7032,-4.5576
271,4.297540000000001,2,100.0,8004544,-91.3619,-12.1783,-87.9799,-8.796330000000001,-84.3058,-5.1222,-91.1523,-11.9042,-88.0633,-8.81515,-84.4183,-5.17016
272,23.5274,2,100.0,6264048,-91.34,-5.63778,-92.2722,-6.569960000000001,-107.6,-21.8979,-91.0461,-5.48533,-92.319,-6.75824,-107.73899999999999,-22.1778
273,-25.0913,2,38.809,15728640,-91.2853,-5.33528,-94.4436,-8.49359,-97.7819,-11.8318,-91.1204,-5.21025,-94.6575,-8.74733,-97.7765,-11.8663
274,-35.9063,2,34.9641,15728640,-91.3771,-10.9527,-84.4271,-4.002759999999999,-97.0464,-16.622,-91.1889,-10.6335,-84.6339,-4.07848,-97.0305,-16.4751
275,-18.6364,2,100.0,12753984,-91.1768,-14.6459,-79.9005,-3.36959,-99.2388,-22.7079,-91.0177,-14.3292,-80.0845,-3.3959599999999996,-99.2455,-22.557
277,-39.175,2,33.8461,15728640,-91.2204,-6.09666,-91.8735,-6.749739999999999,-98.8109,-13.6872,-91.0455,-5.91831,-92.1007,-6.97348,-98.7826,-13.6554
278,25.1505,2,100.0,5163568,-144.877,-40.9379,-127.36,-23.4207,-107.095,-3.15496,-144.84799999999998,-40.9483,-127.32700000000001,-23.4274,-107.054,-3.15394
279,-27.3387,2,22.3601,15728640,-87.4511,-3.3721300000000003,-167.864,-83.7854,-98.075,-13.995999999999999,-87.3407,-3.3676199999999996,-168.162,-84.1891,-98.0211,-14.0481
280,-24.8816,2,45.7731,15728640,-91.3188,-6.7008399999999995,-90.5743,-5.95638,-99.52,-14.9021,-91.0868,-6.489240000000001,-90.734,-6.1365,-99.5489,-14.9513
281,29.405,2,100.0,6938816,-91.3657,-6.997310000000001,-93.4524,-9.084010000000001,-91.8959,-7.5275300000000005,-91.1124,-6.7880899999999995,-93.4763,-9.152000000000001,-92.0514,-7.727069999999999
282,-21.8628,2,100.0,11389968,-114.084,-3.63732,-128.893,-18.4462,-145.086,-34.6388,-114.055,-3.6346,-128.85299999999998,-18.4324,-145.05200000000002,-34.6319
283,-39.2872,2,47.328,15728640,-91.9633,-3.24309,-108.085,-19.3645,-107.21,-18.4903,-91.6123,-3.22214,-108.211,-19.8212,-107.235,-18.8449
284,-59.0815,2,100.0,7817752,-104.443,-10.1916,-98.7179,-4.4667699999999995,-107.67,-13.4185,-104.419,-10.2228,-98.6474,-4.4511400000000005,-107.671,-13.475
285,-55.8466,2,100.0,15660120,-91.1856,-8.551260000000001,-87.0864,-4.45205,-110.76100000000001,-28.1265,-91.0385,-8.31601,-87.2703,-4.54783,-110.704,-27.9814
286,1.29616,2,100.0,9036968,-104.74600000000001,-3.5874599999999996,-116.986,-15.8273,-116.40299999999999,-15.2448,-104.775,-3.5868900000000004,-117.023,-15.8344,-116.44200000000001,-15.2531
287,-55.7787,2,40.913000000000004,15728640,-91.4335,-4.652480000000001,-102.086,-15.3052,-95.7189,-8.93791,-91.1605,-4.56712,-102.219,-15.6261,-95.6938,-9.100430000000001
288,-44.5423,2,41.5671,15728640,-91.5648,-6.17785,-91.8327,-6.44569,-100.337,-14.95,-91.2733,-5.968369999999999,-91.9729,-6.66795,-100.338,-15.0327
289,-15.9756,2,100.0,10618184,-114.436,-12.1561,-120.09100000000001,-17.8104,-106.104,-3.82416,-114.40700000000001,-12.1603,-120.051,-17.8041,-106.07,-3.82315
291,-11.1519,2,52.5661,15728640,-91.384,-8.34048,-87.9119,-4.8684,-98.6694,-15.6259,-91.1455,-8.08642,-88.0421,-4.98311,-98.738,-15.679
292,15.4488,2,100.0,0,-126.906,-10.3079,-124.77,-8.17249,-130.82,-14.2226,-126.87700000000001,-10.2978,-124.736,-8.157010000000001,-130.781,-14.202
293,-31.0177,2,42.4051,15728640,-96.2623,-12.6978,-103.141,-19.5762,-87.1782,-3.6138,-96.0331,-12.4796,-103.309,-19.7553,-87.1906,-3.63706
295,-14.9679,2,47.437,15728640,-91.1684,-4.33635,-100.264,-13.4322,-97.4896,-10.6575,-91.0144,-4.2802,-100.425,-13.6913,-97.5023,-10.7681
296,-46.6521,2,30.136999999999997,15728640,-91.4778,-5.70982,-105.069,-19.3014,-92.3531,-6.58517,-91.3296,-5.6573199999999995,-105.336,-19.6636,-92.3036,-6.6313699999999995
297,1.53108,2,100.0,8663384,-91.5711,-3.72001,-99.2595,-11.4085,-113.45200000000001,-25.6008,-91.1585,-3.6470300000000004,-99.35600000000001,-11.8445,-113.553,-26.0413
298,-51.7043,2,43.9461,15728640,-91.3033,-4.54734,-102.64399999999999,-15.8876,-95.8567,-9.1007,-91.0006,-4.45475,-102.77,-16.2246,-95.85,-9.30406
299,-38.6083,2,38.535,15728640,-91.4335,-7.40072,-89.3142,-5.2814,-100.706,-16.6731,-91.2006,-7.15712,-89.4826,-5.43912,-100.70200000000001,-16.6585
300,-1.71902,2,100.0,9355528,-91.2426,-4.30133,-96.0621,-9.12082,-109.24700000000001,-22.3056,-91.0042,-4.2156199999999995,-96.1676,-9.37902,-109.34299999999999,-22.5541
301,-32.4778,2,39.905,15728640,-91.3671,-5.19228,-97.794,-11.6192,-95.0902,-8.91538,-91.1525,-5.0845,-97.9728,-11.9048,-95.0935,-9.02548
303,-54.0796,2,29.404,15728640,-96.4246,-6.13704,-109.727,-19.4395,-96.4008,-6.113180000000001,-96.3005,-6.0991800000000005,-109.891,-19.6894,-96.3409,-6.13962
305,-10.4024,2,100.0,12128448,-92.5889,-14.5184,-97.86399999999999,-19.7935,-81.4986,-3.42805,-92.3847,-14.2706,-97.9974,-19.8834,-81.5599,-3.4458699999999998
306,-35.8538,2,39.495,15728640,-91.3651,-4.963830000000001,-93.9517,-7.55048,-109.319,-22.9182,-91.1324,-4.82444,-94.1202,-7.812310000000001,-109.322,-23.0137
307,-55.9321,2,44.2021,15728640,-92.1358,-3.6836800000000003,-100.45100000000001,-11.9988,-109.235,-20.7829,-91.8656,-3.6322900000000002,-100.56700000000001,-12.3335,-109.228,-20.9947
308,27.7582,2,100.0,6407400,-91.4434,-4.49466,-96.6308,-9.68201,-101.28,-14.3309,-91.1557,-4.396059999999999,-96.6666,-9.90692,-101.42299999999999,-14.6631
309,-8.81767,2,50.533,15728640,-91.3357,-6.675110000000001,-90.572,-5.91139,-100.12100000000001,-15.46,-91.1509,-6.5032,-90.7007,-6.052969999999999,-100.178,-15.5308
311,-21.5621,2,45.3811,15728640,-91.2794,-6.38681,-91.6903,-6.797689999999999,-97.0397,-12.1471,-91.0632,-6.20233,-91.8514,-6.990530000000001,-97.0719,-12.210999999999999
312,-38.2107,2,30.045,15728640,-91.1777,-6.51382,-90.2764,-5.6125300000000005,-111.624,-26.9597,-91.0316,-6.2695300000000005,-90.5849,-5.82281,-111.58200000000001,-26.8203
313,-59.2793,2,22.3741,15728640,-90.7408,-16.6671,-77.2762,-3.20245,-114.839,-40.7653,-90.6242,-16.5215,-77.3118,-3.20914,-114.77799999999999,-40.6748
314,-31.5275,2,37.658,15728640,-91.3042,-6.5218300000000005,-90.979,-6.19665,-99.1003,-14.318,-91.1272,-6.32454,-91.196,-6.3933800000000005,-99.088,-14.2854
315,5.87756,2,100.0,6119248,-91.4155,-6.81735,-99.2767,-14.6786,-90.4876,-5.88943,-91.0943,-6.571610000000001,-99.3658,-14.8431,-90.5989,-6.07624
316,1.3819299999999999,2,100.0,6492832,-97.205,-3.4281800000000002,-110.95100000000001,-17.1744,-109.704,-15.9276,-96.7463,-3.3801900000000002,-111.04700000000001,-17.680999999999997,-109.804,-16.4378
317,16.5129,2,22.4251,15728640,-101.89299999999999,-15.9611,-201.71,-115.77799999999999,-89.17,-3.23793,-101.78399999999999,-15.8138,-201.66099999999997,-115.691,-89.2166,-3.2459599999999997
318,1.17829,2,100.0,9038416,-125.23,-23.3152,-129.564,-27.6491,-105.046,-3.13141,-125.259,-23.3071,-129.601,-27.6488,-105.084,-3.13206
319,11.5196,2,100.0,8706824,-91.3239,-4.8709,-99.9772,-13.5242,-95.3276,-8.87465,-91.1473,-4.771319999999999,-100.02,-13.6444,-95.4685,-9.09251
321,-41.2671,2,44.0751,15728640,-95.3918,-7.80052,-102.414,-14.8232,-92.8083,-5.21701,-95.0383,-7.54575,-102.537,-15.0443,-92.8324,-5.33979
322,-29.1135,2,52.7431,15728640,-91.4697,-3.75924,-106.774,-19.0638,-99.4828,-11.7723,-91.1349,-3.69981,-106.90700000000001,-19.4723,-99.5234,-12.0884
323,0.461104,2,100.0,9042760,-115.064,-10.0399,-128.366,-23.3422,-109.212,-4.18847,-115.09299999999999,-10.0342,-128.403,-23.3447,-109.25,-4.19131
325,-54.8531,2,33.8361,15728640,-91.3627,-18.8724,-75.7127,-3.22245,-92.1318,-19.6415,-91.18299999999999,-18.5292,-75.8909,-3.23718,-92.0828,-19.4291
326,-7.487539999999999,2,100.0,3237728,-91.4491,-4.937209999999999,-94.2529,-7.74102,-106.238,-19.7259,-91.0058,-4.7483900000000006,-94.36,-8.10261,-106.325,-20.0674
327,-34.3239,2,33.4811,15728640,-91.1754,-13.4794,-81.1466,-3.45068,-102.523,-24.8272,-91.0155,-13.1039,-81.4033,-3.49169,-102.495,-24.5839
328,27.9122,2,100.0,4758128,-91.3641,-3.9557,-97.6986,-10.2902,-111.385,-23.9768,-91.1286,-3.90545,-97.7208,-10.4977,-111.54700000000001,-24.324
329,-22.9363,2,100.0,10566056,-91.6678,-3.9080699999999995,-101.74799999999999,-13.9882,-100.506,-12.7461,-91.27600000000001,-3.8228,-101.87100000000001,-14.4174,-100.564,-13.1113
331,-41.1051,2,100.0,14283072,-91.435,-4.1186,-97.104,-9.78767,-108.67200000000001,-21.3553,-91.1753,-4.0309800000000005,-97.2583,-10.1139,-108.671,-21.5263
332,-46.1271,2,35.8251,15728640,-91.3248,-3.5261099999999996,-104.94,-17.1411,-102.19,-14.3908,-91.1229,-3.4993,-105.125,-17.5015,-102.16,-14.5363
333,-17.9928,2,100.0,11607168,-93.3298,-3.53672,-108.744,-18.9514,-103.37,-13.5772,-93.0634,-3.49925,-108.883,-19.3184,-103.426,-13.8617
334,-42.3763,2,100.0,12599048,-108.07799999999999,-3.6872800000000003,-117.038,-12.6466,-127.61200000000001,-23.2208,-108.059,-3.6884699999999997,-117.00200000000001,-12.6314,-127.602,-23.2313
335,-36.8567,2,30.305,15728640,-91.2894,-22.1742,-72.1814,-3.06622,-103.95,-34.8349,-91.1409,-21.7339,-72.4791,-3.07214,-103.912,-34.505
337,5.43574,2,100.0,12355784,-91.6022,-11.1175,-97.9527,-17.468,-84.4134,-3.9287300000000003,-91.281,-10.7561,-98.0427,-17.5178,-84.524,-3.99915
339,-54.3988,2,36.791,15728640,-91.2997,-3.6259699999999997,-99.7179,-12.0442,-112.443,-24.7696,-91.0833,-3.57954,-99.8766,-12.3729,-112.405,-24.9009
340,-26.7177,2,100.0,8992080,-117.859,-7.656389999999999,-118.941,-8.73851,-118.587,-8.38454,-117.83,-7.65756,-118.9,-8.72818,-118.554,-8.38235
341,-11.1086,2,100.0,11346528,-91.4567,-3.4781400000000002,-102.137,-14.1589,-107.056,-19.0771,-91.1545,-3.43781,-102.259,-14.5424,-107.132,-19.4157
343,-6.538880000000001,2,100.0,9036968,-116.934,-4.351459999999999,-129.575,-16.9917,-128.29,-15.7072,-116.921,-4.34957,-129.558,-16.986,-128.274,-15.7017
345,-29.8813,2,45.2651,15728640,-91.5217,-5.18699,-93.5392,-7.20448,-108.20700000000001,-21.8723,-91.2394,-5.02476,-93.6849,-7.470330000000001,-108.23700000000001,-22.0222
347,-39.2429,2,36.229,15728640,-91.3324,-9.24592,-87.6466,-5.56007,-91.9596,-9.87312,-91.1248,-8.9901,-87.833,-5.69836,-91.9453,-9.81061
348,-58.3068,2,29.359,15728640,-91.1492,-5.2002,-92.99600000000001,-7.04708,-119.588,-33.6387,-91.0024,-5.08195,-93.1549,-7.2345,-119.529,-33.6086
349,4.78655,2,100.0,4322280,-98.1626,-4.3688,-113.27799999999999,-19.4844,-102.935,-9.1412,-97.8277,-4.254630000000001,-113.37,-19.7965,-103.044,-9.47064
350,-49.7825,2,47.2,15728640,-91.3127,-3.3120199999999995,-103.226,-15.2256,-112.916,-24.9158,-91.0008,-3.28484,-103.352,-15.6355,-112.917,-25.2008
351,-59.6838,2,22.3611,15728640,-83.1163,-3.3665800000000004,-93.8844,-14.1346,-111.068,-31.3181,-82.9996,-3.35515,-93.9169,-14.2724,-111.006,-31.3618
352,26.5977,2,100.0,9962240,-130.542,-20.9547,-131.1,-21.5123,-113.135,-3.54795,-130.513,-20.9624,-131.067,-21.5166,-113.095,-3.5441599999999998
353,-15.5668,2,100.0,12177680,-91.2803,-3.20222,-106.212,-18.1344,-110.34200000000001,-22.2641,-91.0304,-3.1871099999999997,-106.35,-18.5068,-110.40100000000001,-22.5576
354,16.5926,2,100.0,3812584,-93.7902,-3.6219900000000003,-109.109,-18.9404,-102.97399999999999,-12.8061,-93.4521,-3.56541,-109.176,-19.2893,-103.09899999999999,-13.2121
355,-45.2514,2,36.449,15728640,-106.98299999999999,-25.7945,-100.926,-19.737000000000002,-84.3162,-3.12758,-106.801,-25.6433,-101.134,-19.9759,-84.2809,-3.1233400000000002
356,16.6397,2,100.0,6930128,-91.3617,-8.98307,-99.5063,-17.1276,-86.887,-4.50839,-91.1157,-8.70076,-99.5612,-17.1463,-87.0277,-4.61275
357,26.185,2,100.0,11969168,-134.77200000000002,-20.2962,-136.515,-22.039,-119.01700000000001,-4.54115,-134.743,-20.2966,-136.482,-22.035999999999998,-118.976,-4.53008
359,-18.0447,2,54.5901,15728640,-97.3812,-8.54172,-93.5028,-4.66323,-106.301,-17.4615,-96.9431,-8.15155,-93.6189,-4.82735,-106.37100000000001,-17.5791
361,-20.1445,2,100.0,13476536,-91.3453,-8.24795,-101.98899999999999,-18.8912,-87.8174,-4.72,-91.1456,-8.08545,-102.154,-19.0944,-87.8465,-4.78639
362,-15.3161,2,56.1051,15728640,-96.1389,-6.013719999999999,-96.1923,-6.067069999999999,-117.84100000000001,-27.7155,-95.695,-5.74444,-96.3063,-6.35576,-117.915,-27.9646
363,-53.1317,2,36.0791,15728640,-91.2848,-4.26234,-96.9647,-9.942260000000001,-103.288,-16.2659,-91.07600000000001,-4.18086,-97.1306,-10.2354,-103.249,-16.3542
364,-56.1602,2,22.3671,15728640,-87.5665,-6.04453,-87.5782,-6.0563,-106.279,-24.756999999999998,-87.4507,-5.95488,-87.6444,-6.14858,-106.21799999999999,-24.721999999999998
365,14.0864,2,100.0,8514240,-91.4287,-4.77653,-95.505,-8.85283,-101.01899999999999,-14.3668,-91.1213,-4.650180000000001,-95.5755,-9.10431,-101.14399999999999,-14.6732
366,-24.0428,2,39.602,15728640,-91.3019,-7.563619999999999,-88.7639,-5.02566,-103.633,-19.8945,-91.1405,-7.32843,-88.9773,-5.16525,-103.62700000000001,-19.8152
367,14.934000000000001,2,100.0,7024248,-91.3286,-3.77187,-101.2,-13.6437,-101.884,-14.3274,-91.0864,-3.7194,-101.259,-13.8922,-102.022,-14.6553
369,-29.3031,2,44.8951,15728640,-91.3288,-3.47572,-101.62100000000001,-13.7684,-108.551,-20.6977,-91.0754,-3.4380699999999997,-101.777,-14.1394,-108.575,-20.9375
370,-59.9922,2,35.7701,15728640,-91.2462,-5.19482,-93.1609,-7.10945,-111.48700000000001,-25.4359,-91.0397,-5.05978,-93.3075,-7.32759,-111.43799999999999,-25.4583
372,-59.3557,2,100.0,5438688,-110.118,-18.474,-112.76,-21.116,-94.8557,-3.2115099999999996,-110.094,-18.45,-112.689,-21.0442,-94.8578,-3.2134
373,16.759,2,100.0,7200904,-91.3414,-8.02397,-94.8958,-11.5784,-88.9602,-5.6428,-91.1097,-7.7826,-94.9468,-11.6196,-89.105,-5.77789
374,12.3927,2,100.0,10280800,-91.3629,-4.51968,-97.4809,-10.6377,-99.0476,-12.2044,-91.1347,-4.42807,-97.5436,-10.8369,-99.1827,-12.4761
375,7.203539999999999,2,100.0,12571536,-120.34700000000001,-5.0467900000000006,-139.108,-23.8082,-131.82399999999998,-16.5242,-120.318,-5.03799,-139.07299999999998,-23.7926,-131.786,-16.5061
376,-0.0500969,2,100.0,15344456,-91.1783,-3.65991,-101.23899999999999,-13.720999999999998,-103.24700000000001,-15.7287,-91.0202,-3.6282,-101.315,-13.9234,-103.323,-15.9306
377,-58.6763,2,39.569,15728640,-91.2698,-3.19306,-105.587,-17.5103,-114.005,-25.9282,-91.0371,-3.1792,-105.729,-17.8711,-113.964,-26.1058
379,29.084,2,100.0,3832856,-92.7138,-4.75216,-105.758,-17.796,-96.2524,-8.29071,-92.3081,-4.58724,-105.807,-18.0857,-96.3741,-8.65316
380,-34.4403,2,100.0,0,-119.535,-7.798360000000001,-126.04,-14.3039,-118.193,-6.45686,-119.516,-7.79351,-126.01100000000001,-14.288,-118.182,-6.4588
381,-8.08124,2,65.9851,15728640,-91.4879,-3.9643800000000002,-99.5802,-12.0567,-101.958,-14.4342,-91.0674,-3.8665300000000005,-99.6891,-12.4882,-102.044,-14.843
383,-55.6362,2,100.0,5199768,-111.97,-19.7523,-95.4332,-3.21523,-111.54799999999999,-19.3301,-111.948,-19.7868,-95.3741,-3.21306,-111.545,-19.3843
385,5.76359,2,100.0,6323416,-91.4557,-5.867000000000001,-97.9794,-12.3906,-92.9615,-7.37275,-91.1586,-5.67699,-98.068,-12.5864,-93.0742,-7.59258
387,-25.8121,2,100.0,5441584,-115.985,-4.68781,-122.411,-11.1141,-128.535,-17.2383,-115.956,-4.68601,-122.37100000000001,-11.1009,-128.503,-17.233
390,-2.48188,2,50.783,15728640,-91.21799999999999,-5.8533599999999995,-93.0207,-7.6559800000000005,-97.0106,-11.645999999999999,-91.0705,-5.75025,-93.0978,-7.77755,-97.0628,-11.7426
391,6.27618,2,100.0,7024248,-91.6187,-5.2439800000000005,-105.06,-18.6848,-93.6505,-7.2758199999999995,-91.2618,-5.062880000000001,-105.148,-18.9495,-93.7604,-7.56153
393,3.71441,2,100.0,4895688,-97.3663,-8.97005,-108.28200000000001,-19.8853,-92.8019,-4.40565,-97.0633,-8.66708,-108.375,-19.9786,-92.9103,-4.51411
395,-43.2845,2,38.211,15728640,-91.242,-4.74137,-94.5925,-8.09187,-106.984,-20.4831,-91.0146,-4.6180699999999995,-94.7621,-8.3656,-106.96799999999999,-20.5718
396,-35.5368,2,100.0,0,-131.564,-22.4814,-122.37899999999999,-13.2965,-112.964,-3.8812699999999998,-131.545,-22.4753,-122.34899999999999,-13.2787,-112.95200000000001,-3.8822300000000003
397,16.0867,2,100.0,10193920,-91.2732,-15.4091,-95.1743,-19.3103,-79.2414,-3.37739,-91.1235,-15.1132,-95.1792,-19.1689,-79.4106,-3.4003099999999997
398,-32.1173,2,100.0,11371144,-91.59700000000001,-10.0556,-86.3719,-4.83052,-92.9464,-11.405,-91.2967,-9.721,-86.5133,-4.9376,-92.9748,-11.3991
400,6.00042,2,100.0,8353512,-91.2711,-4.35056,-99.2863,-12.3658,-98.1983,-11.2778,-91.0495,-4.26714,-99.3669,-12.5845,-98.3163,-11.5339
