nRun,angle,targetCellId,downloadTime,rxBytes,rsrp1,rsrq1,rsrp2,rsrq2,rsrp3,rsrq3,previousrsrp1,previousrsrq1,previousrsrp2,previousrsrq2,previousrsrp3,previousrsrq3
1,-59.5059,2,34.5431,15728640,-91.2149,-7.4026,-88.8116,-4.99927,-111.473,-27.6603,-91.0255,-7.18842,-88.9649,-5.12783,-111.421,-27.5835
2,-43.5576,2,100.0,14300448,-99.2476,-3.50662,-109.40100000000001,-13.6605,-116.117,-20.3763,-99.2281,-3.50788,-109.365,-13.6443,-116.10799999999999,-20.3875
3,-50.6608,2,38.948,15728640,-94.044,-9.12913,-104.509,-19.594,-89.2722,-4.35738,-93.8069,-8.96722,-104.664,-19.8248,-89.2456,-4.405880000000001
4,-12.9374,2,55.6891,15728640,-91.5915,-8.67026,-97.4317,-14.5104,-87.7539,-4.8326199999999995,-91.2717,-8.38377,-97.5539,-14.665999999999999,-87.8278,-4.93989
5,-20.8164,2,100.0,1836064,-119.807,-17.3387,-105.859,-3.3904400000000003,-120.685,-18.2173,-119.77799999999999,-17.3485,-105.819,-3.3891699999999996,-120.652,-18.2227
6,-34.1306,2,43.3441,15728640,-91.4677,-4.23226,-96.5221,-9.28664,-110.719,-23.484,-91.1732,-4.1300300000000005,-96.6653,-9.62208,-110.742,-23.699
7,28.7827,2,100.0,1675336,-124.81700000000001,-10.3157,-217.67,-103.169,-120.135,-5.63371,-124.788,-10.3143,-217.638,-103.165,-120.094,-5.62069
8,29.8063,2,100.0,4614776,-95.6871,-5.14785,-110.163,-19.6234,-97.9179,-7.37863,-95.4047,-4.9890099999999995,-110.193,-19.777,-98.0636,-7.64785
9,-32.8272,2,47.325,15728640,-91.4215,-6.08576,-91.3684,-6.0327,-109.119,-23.7834,-91.0301,-5.8333,-91.491,-6.294169999999999,-109.161,-23.9639
10,-4.90765,2,100.0,9988304,-95.3823,-3.77671,-105.62700000000001,-14.0214,-105.52600000000001,-13.9209,-94.925,-3.6918,-105.73100000000001,-14.4975,-105.617,-14.3842
11,15.2707,2,100.0,7806168,-96.9468,-4.6815,-112.052,-19.7864,-100.552,-8.28625,-96.76799999999999,-4.5796,-112.084,-19.8955,-100.709,-8.52088
12,-17.3718,2,100.0,13256440,-91.2516,-3.23409,-105.60600000000001,-17.5882,-109.337,-21.3193,-91.0093,-3.21686,-105.749,-17.9563,-109.389,-21.5964
13,10.7748,2,100.0,5626928,-91.3126,-4.16218,-102.439,-15.2887,-97.774,-10.6236,-91.0666,-4.08108,-102.51,-15.5248,-97.9022,-10.9167
14,-50.2596,2,29.896,15728640,-91.1851,-5.64341,-92.4402,-6.89848,-101.95,-16.4087,-91.0372,-5.485469999999999,-92.6779,-7.12617,-101.898,-16.3459
15,-42.3237,2,45.2671,15728640,-95.0632,-4.2058,-110.274,-19.4164,-100.512,-9.65425,-94.8072,-4.14319,-110.429,-19.765,-100.507,-9.84298
16,-6.22907,2,50.059,15728640,-91.1829,-6.676589999999999,-90.0193,-5.51297,-108.6,-24.0937,-91.0197,-6.52268,-90.1306,-5.63362,-108.65299999999999,-24.1559
17,23.2071,2,100.0,8478040,-94.7861,-3.37984,-110.955,-19.5484,-106.779,-15.3724,-94.6161,-3.3552400000000002,-110.958,-19.6968,-106.978,-15.7169
18,-15.3347,2,100.0,5432896,-121.23899999999999,-12.2079,-113.01299999999999,-3.9823199999999996,-135.651,-26.6207,-121.21,-12.2141,-112.97399999999999,-3.9780599999999997,-135.61700000000002,-26.6215
19,-28.5646,2,43.3361,15728640,-91.2769,-21.2958,-73.0599,-3.07883,-103.958,-33.9769,-91.0511,-20.9085,-73.2276,-3.08506,-103.975,-33.8328
20,14.8536,2,100.0,6329208,-91.4547,-4.65557,-95.6192,-8.82005,-102.62299999999999,-15.8234,-91.0099,-4.49643,-95.6945,-9.18094,-102.736,-16.2227
21,22.3531,2,100.0,0,-129.526,-15.7247,-118.801,-4.99938,-127.45200000000001,-13.651,-129.497,-15.7217,-118.76799999999999,-4.99224,-127.412,-13.6368
22,16.5959,2,100.0,5115784,-91.6962,-3.59554,-101.156,-13.0555,-106.889,-18.7882,-91.2945,-3.5376300000000005,-101.227,-13.4702,-107.007,-19.2501
25,-53.4657,2,41.5381,15728640,-91.5137,-3.30085,-105.374,-17.1616,-107.137,-18.9245,-91.2362,-3.2790800000000004,-105.51,-17.5525,-107.118,-19.1604
26,20.8991,2,100.0,5266376,-91.5631,-4.49306,-106.21,-19.1397,-95.8595,-8.78945,-91.2684,-4.37486,-106.26299999999999,-19.3693,-95.9952,-9.10168
27,-40.6004,2,31.8431,15728640,-91.2,-14.7855,-79.9273,-3.51275,-93.1172,-16.7027,-91.0354,-14.4151,-80.1741,-3.5537,-93.0818,-16.4615
28,-28.0667,2,36.1231,15728640,-91.2068,-4.50206,-95.3459,-8.64118,-107.48200000000001,-20.7777,-91.0585,-4.39144,-95.6081,-8.94095,-107.458,-20.7911
29,-2.0749299999999997,2,67.779,15728640,-91.5974,-5.3274300000000006,-96.4826,-10.2126,-95.8067,-9.53678,-91.2231,-5.137919999999999,-96.5854,-10.5003,-95.90299999999999,-9.81778
30,-37.7472,2,28.464000000000002,15728640,-91.1696,-14.7349,-79.7617,-3.3269900000000003,-104.645,-28.2098,-91.0348,-14.2634,-80.1359,-3.3645,-104.598,-27.8266
31,-7.400530000000001,2,100.0,12619320,-100.29700000000001,-3.1733700000000002,-115.334,-18.2107,-127.67,-30.5468,-100.26799999999999,-3.17352,-115.296,-18.2016,-127.634,-30.5402
32,-24.9582,2,51.9951,15728640,-101.495,-15.8515,-103.395,-17.7516,-89.0442,-3.40047,-101.07600000000001,-15.399000000000001,-103.515,-17.8388,-89.1012,-3.4245099999999997
33,-42.9097,2,31.7831,15728640,-91.1805,-13.0384,-81.9271,-3.785,-93.0961,-14.954,-91.0169,-12.6908,-82.1721,-3.84593,-93.0569,-14.7307
35,-6.838889999999999,2,100.0,13402688,-91.5422,-3.6898,-102.31299999999999,-14.4606,-102.25299999999999,-14.4004,-91.2706,-3.6379,-102.43,-14.7969,-102.337,-14.7047
36,14.005999999999998,2,100.0,9611824,-91.1894,-16.0159,-78.5235,-3.3500099999999997,-94.1782,-19.0047,-91.0308,-15.8428,-78.5438,-3.3558199999999996,-94.3332,-19.1452
37,-32.7851,2,100.0,0,-111.096,-7.732010000000001,-118.602,-15.2378,-108.723,-5.3582,-111.07799999999999,-7.72853,-118.574,-15.224,-108.711,-5.36112
38,-51.886,2,41.036,15728640,-91.5058,-5.257219999999999,-93.8642,-7.615660000000001,-101.691,-15.4423,-91.227,-5.10257,-94.0011,-7.87666,-101.67399999999999,-15.5498
39,18.105,2,100.0,5922320,-91.4741,-4.70259,-95.0224,-8.25084,-106.165,-19.3931,-91.1434,-4.57791,-95.0859,-8.52042,-106.292,-19.726
40,25.5826,2,100.0,4988360,-91.6639,-3.2480700000000002,-104.665,-16.2488,-114.3,-25.8844,-91.3058,-3.2269200000000002,-104.715,-16.6363,-114.428,-26.3494
41,-40.986999999999995,2,36.391999999999996,15728640,-91.2791,-4.58873,-95.5621,-8.87177,-103.18,-16.4892,-91.0685,-4.48115,-95.7454,-9.15803,-103.163,-16.5755
42,29.3246,2,100.0,6524688,-91.5404,-4.42662,-100.795,-13.6808,-97.2904,-10.1767,-91.2532,-4.31996,-100.82700000000001,-13.8934,-97.4345,-10.5013
43,-10.4179,2,51.7061,15728640,-91.3745,-4.67617,-95.7582,-9.05994,-101.273,-14.5747,-91.1618,-4.57383,-95.8905,-9.3025,-101.337,-14.7491
44,-24.345,2,100.0,0,-125.564,-12.5156,-129.077,-16.0291,-117.95200000000001,-4.90373,-125.535,-12.5131,-129.037,-16.0152,-117.919,-4.89741
45,-6.5522,2,100.0,10214192,-93.8535,-4.42245,-109.04,-19.6085,-98.3786,-8.94754,-93.6792,-4.35752,-109.15700000000001,-19.835,-98.4386,-9.11694
47,-47.8375,2,34.6421,15728640,-91.3641,-5.1197,-99.8814,-13.637,-94.5162,-8.27181,-91.1771,-5.04341,-100.07799999999999,-13.9442,-94.4787,-8.3451
48,-51.5817,2,22.3711,15728640,-87.2113,-11.4733,-79.4176,-3.67959,-113.875,-38.1373,-87.0967,-11.2568,-79.5566,-3.7167199999999996,-113.815,-37.9751
49,-0.21704099999999998,2,100.0,0,-127.04899999999999,-13.9475,-126.37899999999999,-13.2777,-118.10700000000001,-5.00574,-127.07799999999999,-13.9472,-126.417,-13.2858,-118.145,-5.01368
50,-26.9985,2,100.0,15528352,-91.2949,-4.9461699999999995,-104.70200000000001,-18.3531,-94.1739,-7.82523,-91.0865,-4.86291,-104.87799999999999,-18.6546,-94.1883,-7.9646300000000005
51,-8.722480000000001,2,100.0,12389088,-94.9823,-3.3378099999999997,-107.074,-15.4299,-113.21700000000001,-21.5726,-94.5283,-3.29978,-107.182,-15.9538,-113.302,-22.0738
52,8.74868,2,100.0,7409416,-92.9495,-4.25486,-98.7621,-10.0675,-104.59299999999999,-15.8983,-92.4956,-4.12568,-98.8473,-10.4774,-104.70100000000001,-16.3311
53,-36.8437,2,39.039,15728640,-91.4747,-5.88518,-100.039,-14.4497,-92.4509,-6.86143,-91.2387,-5.7607,-100.206,-14.7279,-92.45200000000001,-6.97395
54,-0.353493,2,100.0,6889584,-91.4598,-3.51151,-105.105,-17.1567,-102.515,-14.5671,-91.1174,-3.4654800000000003,-105.206,-17.554000000000002,-102.615,-14.9631
55,17.834,2,100.0,3349224,-92.8975,-5.6963,-99.1976,-11.9964,-94.9704,-7.769189999999999,-92.4588,-5.4548,-99.2676,-12.2636,-95.0864,-8.082310000000001
56,-47.1817,2,29.329,15728640,-91.1687,-11.3889,-83.8607,-4.08095,-94.1518,-14.3721,-91.0255,-11.0581,-84.1362,-4.168769999999999,-94.1001,-14.1327
57,22.6116,2,22.3851,15728640,-101.735,-30.846,-195.548,-124.66,-73.906,-3.0175099999999997,-101.625,-30.5888,-195.497,-124.461,-74.0538,-3.0179400000000003
58,-16.2025,2,100.0,14800008,-111.352,-3.96664,-124.61,-17.2245,-120.07,-12.6845,-111.323,-3.9661,-124.57,-17.2134,-120.036,-12.6787
59,-47.5577,2,34.2251,15728640,-91.2528,-7.36587,-91.6743,-7.78737,-92.1258,-8.23887,-91.0699,-7.197439999999999,-91.876,-8.00353,-92.0873,-8.21492
60,-32.9566,2,22.3631,15728640,-86.5144,-6.5835,-85.5137,-5.58283,-104.26799999999999,-24.3375,-86.4033,-6.1938699999999995,-86.1337,-5.92432,-104.212,-24.003
61,29.0732,2,100.0,11834504,-120.11,-16.9536,-213.003,-109.846,-106.435,-3.2788199999999996,-120.081,-16.964000000000002,-212.97099999999998,-109.854,-106.39399999999999,-3.27756
62,-31.372,2,100.0,5432896,-118.16799999999999,-10.4787,-120.161,-12.4723,-112.557,-4.86808,-118.149,-10.4748,-120.133,-12.4587,-112.545,-4.87029
64,-21.1584,2,100.0,15535592,-91.5091,-3.96518,-97.965,-10.4211,-108.72,-21.1759,-91.2092,-3.8839599999999996,-98.1,-10.7748,-108.773,-21.4478
65,21.4765,2,22.4281,15728640,-103.238,-42.8169,-204.607,-144.186,-63.4321,-3.01076,-103.12899999999999,-42.5939,-204.555,-144.02,-63.5461,-3.01078
66,28.6331,2,100.0,8753160,-91.3555,-14.8281,-79.8338,-3.3063599999999997,-122.265,-45.7376,-91.1771,-14.6662,-79.8288,-3.3179800000000004,-122.473,-45.9624
67,-17.064,2,22.3671,15728640,-85.4038,-3.08827,-166.14,-83.8248,-102.863,-20.5473,-85.2943,-3.08718,-166.2,-83.993,-102.815,-20.6076
68,22.1874,2,100.0,7742456,-92.9866,-10.0268,-88.5387,-5.57885,-92.0358,-9.07601,-92.5589,-9.62526,-88.6008,-5.66717,-92.1546,-9.2209
69,15.2108,2,100.0,11064168,-125.611,-18.999000000000002,-130.71200000000002,-24.1007,-109.96700000000001,-3.35566,-125.58200000000001,-19.0075,-130.678,-24.1038,-109.928,-3.35365
70,-42.2467,2,44.1171,15728640,-98.2854,-5.76738,-99.8807,-7.3627,-105.48100000000001,-12.963,-97.9368,-5.56231,-100.00299999999999,-7.628480000000001,-105.50299999999999,-13.1285
71,6.21331,2,100.0,7725080,-91.3902,-4.874709999999999,-101.485,-14.9695,-94.9795,-8.46402,-91.1588,-4.75815,-101.56700000000001,-15.1661,-95.0976,-8.69698
72,-3.47833,2,100.0,8792256,-91.256,-5.3614,-95.02799999999999,-9.13343,-96.5126,-10.618,-91.0837,-5.2541,-95.1299,-9.300289999999999,-96.5836,-10.754000000000001
73,7.79214,2,100.0,11308880,-91.1794,-12.6334,-82.9267,-4.3806400000000005,-89.4759,-10.9299,-91.007,-12.4214,-82.9806,-4.39497,-89.5985,-11.0129
74,-46.0763,2,28.596,15728640,-91.2558,-12.4853,-82.3021,-3.5316699999999996,-119.729,-40.9583,-91.1178,-12.0971,-82.6045,-3.58375,-119.676,-40.6555
75,-54.1275,2,39.299,15728640,-91.2634,-7.9763399999999995,-88.2357,-4.9486,-100.166,-16.8793,-91.0176,-7.7204,-88.3819,-5.08462,-100.13600000000001,-16.8389
76,-3.1657599999999997,2,100.0,0,-135.311,-24.4028,-116.771,-5.86302,-118.387,-7.47947,-135.34,-24.3988,-116.81,-5.868580000000001,-118.42299999999999,-7.48233
78,-4.5423,2,48.911,15728640,-91.1948,-10.9826,-83.9837,-3.77147,-112.62899999999999,-32.4166,-91.0458,-10.7822,-84.0742,-3.8106400000000002,-112.67399999999999,-32.4102
80,3.9010199999999995,2,100.0,15340112,-123.66,-19.0475,-137.626,-33.0135,-107.86,-3.24836,-123.68799999999999,-19.0391,-137.661,-33.0115,-107.899,-3.24967
82,-34.293,2,46.29600000000001,15728640,-99.3887,-6.87978,-98.2668,-5.75785,-107.98,-15.4715,-99.0034,-6.592210000000001,-98.3895,-5.97837,-108.01899999999999,-15.6078
83,-41.0894,2,48.626000000000005,15728640,-94.2718,-3.1619099999999998,-110.632,-19.5222,-113.80799999999999,-22.6977,-93.9774,-3.14914,-110.774,-19.9453,-113.816,-22.9875
84,15.6418,2,100.0,0,-138.553,-20.97,-127.045,-9.462110000000001,-127.29299999999999,-9.7095,-138.524,-20.9577,-127.01100000000001,-9.44449,-127.25299999999999,-9.68671
85,-38.3561,2,41.8701,15728640,-91.4239,-4.50194,-96.2083,-9.28628,-102.575,-15.652999999999999,-91.1143,-4.382709999999999,-96.3465,-9.614930000000001,-102.59200000000001,-15.8606
86,11.6758,2,100.0,8869000,-91.2603,-4.13239,-102.084,-14.9556,-98.0092,-10.8813,-91.0559,-4.0618,-102.141,-15.1466,-98.1468,-11.1527
87,-37.861999999999995,2,100.0,8844384,-115.06700000000001,-8.32653,-112.988,-6.24759,-117.04,-10.2999,-115.04799999999999,-8.33044,-112.956,-6.2384699999999995,-117.029,-10.3115
88,7.49016,2,100.0,5292440,-94.6698,-10.1645,-88.5875,-4.082269999999999,-103.4,-18.8951,-94.2145,-9.73157,-88.6747,-4.19171,-103.507,-19.0241
89,-52.4637,2,34.2531,15728640,-91.3521,-5.73827,-92.2456,-6.631760000000001,-103.62299999999999,-18.0087,-91.1675,-5.57722,-92.4301,-6.839739999999999,-103.57799999999999,-17.9875
90,12.1925,2,100.0,6757816,-109.105,-5.6655,-125.596,-22.1567,-110.17299999999999,-6.73373,-109.07600000000001,-5.669230000000001,-125.561,-22.1545,-110.134,-6.7274199999999995
91,11.1661,2,100.0,8482384,-92.6326,-6.68191,-105.721,-19.77,-91.5646,-5.61393,-92.3702,-6.46539,-105.79299999999999,-19.8884,-91.6913,-5.78642
92,-45.6473,2,25.1591,15728640,-91.2379,-27.8785,-66.384,-3.02453,-117.913,-54.5534,-91.1168,-27.3931,-66.7499,-3.02621,-117.855,-54.1317
94,-47.18899999999999,2,42.9431,15728640,-96.2124,-8.213280000000001,-107.559,-19.5596,-92.7136,-4.71443,-95.9266,-8.01677,-107.699,-19.7887,-92.7075,-4.79766
95,3.8897699999999995,2,100.0,8760400,-91.2519,-4.1434,-98.5033,-11.3948,-100.87200000000001,-13.7635,-91.0869,-4.08902,-98.5673,-11.5694,-100.97200000000001,-13.9742
96,-6.85532,2,100.0,8079840,-91.3044,-4.88085,-99.4476,-13.0241,-95.4582,-9.03464,-91.0281,-4.75491,-99.564,-13.2908,-95.5432,-9.269969999999999
97,-25.3486,2,41.2321,15728640,-91.3465,-3.7288699999999997,-100.74799999999999,-13.1308,-103.25200000000001,-15.6342,-91.1725,-3.68405,-100.95200000000001,-13.4633,-103.25200000000001,-15.7637
99,-27.2303,2,49.5,15728640,-91.6782,-6.832089999999999,-94.57,-9.72387,-92.1544,-7.308339999999999,-91.3352,-6.59158,-94.70100000000001,-9.95738,-92.2,-7.4564
100,27.2053,2,24.1201,15728640,-106.891,-46.4064,-203.582,-143.097,-63.4953,-3.0105,-106.788,-46.1836,-203.524,-142.92,-63.6144,-3.01051
101,0.656393,2,22.3641,15728640,-72.3875,-3.2293,-196.46900000000002,-127.311,-85.2517,-16.0936,-72.2786,-3.22522,-196.44099999999997,-127.387,-85.2266,-16.1732
102,-40.3908,2,35.1321,15728640,-91.2009,-8.43661,-87.2511,-4.48681,-114.62299999999999,-31.8591,-91.0096,-8.15957,-87.4538,-4.60382,-114.6,-31.7502
103,-28.0786,2,100.0,5438688,-120.96,-14.3304,-110.27600000000001,-3.64565,-126.935,-20.3051,-120.943,-14.3369,-110.249,-3.64361,-126.92299999999999,-20.317
104,1.59455,2,58.903999999999996,15728640,-91.3583,-8.031130000000001,-88.1291,-4.80197,-102.705,-19.378,-91.1594,-7.83505,-88.2191,-4.89473,-102.807,-19.4824
105,23.7994,2,100.0,1621760,-91.5708,-4.03123,-105.705,-18.1658,-98.0367,-10.4972,-91.2308,-3.93917,-105.758,-18.4661,-98.1668,-10.8751
106,-30.05,2,100.0,5393800,-117.178,-6.10348,-118.87700000000001,-7.8025,-126.586,-15.511,-117.16,-6.104019999999999,-118.85,-7.793839999999999,-126.573,-15.5174
107,-5.6875599999999995,2,100.0,5569008,-118.76799999999999,-7.31078,-118.584,-7.126510000000001,-124.125,-12.6674,-118.79,-7.310160000000001,-118.61399999999999,-7.13402,-124.15100000000001,-12.671
108,29.3344,2,100.0,8929816,-111.95700000000001,-4.38389,-226.12099999999998,-118.54799999999999,-117.221,-9.6478,-111.928,-4.3848400000000005,-226.08900000000003,-118.546,-117.18,-9.63712
109,-18.6464,2,100.0,6959088,-91.4758,-5.64955,-103.196,-17.3694,-92.6216,-6.795319999999999,-91.1579,-5.4787099999999995,-103.325,-17.6457,-92.6827,-7.0035300000000005
110,12.940999999999999,2,22.3861,15728640,-96.7708,-19.4326,-192.919,-115.581,-80.4488,-3.1106599999999998,-96.6616,-19.3025,-192.87400000000002,-115.515,-80.4728,-3.11374
111,-10.7992,2,100.0,4047160,-91.4547,-3.8783300000000005,-99.1852,-11.6088,-104.304,-16.7281,-91.1687,-3.80896,-99.3081,-11.9484,-104.381,-17.0209
112,-32.7332,2,40.485,15728640,-96.1367,-10.3189,-105.571,-19.7529,-89.8375,-4.0197199999999995,-95.9193,-10.1361,-105.74799999999999,-19.9645,-89.8414,-4.05814
113,14.7427,2,100.0,2712104,-91.8339,-4.23145,-106.838,-19.2351,-97.1762,-9.573780000000001,-91.4878,-4.12257,-106.90899999999999,-19.5442,-97.2978,-9.93259
114,-28.113000000000003,2,35.8711,15728640,-91.2517,-4.3259,-95.8856,-8.95984,-111.685,-24.7592,-91.1048,-4.22369,-96.1517,-9.270660000000001,-111.66,-24.7785
115,3.5169699999999997,2,100.0,5215696,-91.2493,-5.89774,-94.5522,-9.200660000000001,-94.4729,-9.12134,-91.0071,-5.73463,-94.6431,-9.3707,-94.5832,-9.31076
116,-53.3512,2,100.0,0,-123.946,-18.9152,-108.47399999999999,-3.4426300000000003,-122.146,-17.1149,-123.925,-18.9424,-108.421,-3.43837,-122.141,-17.1589
117,-26.8054,2,42.7131,15728640,-91.2801,-7.02623,-89.823,-5.56911,-100.43,-16.1758,-91.0663,-6.80474,-89.9954,-5.73386,-100.447,-16.1852
119,-17.6168,2,51.2621,15728640,-91.3635,-4.51595,-96.0632,-9.21567,-102.62700000000001,-15.7792,-91.0927,-4.40451,-96.1998,-9.511660000000001,-102.684,-15.995999999999999
120,28.1878,2,100.0,5030352,-91.3925,-3.84286,-99.0146,-11.4649,-105.631,-18.0815,-91.0045,-3.76767,-99.0633,-11.8264,-105.755,-18.5186
121,-35.5583,2,100.0,5367736,-117.22399999999999,-4.77988,-128.0,-15.5554,-124.945,-12.5005,-117.206,-4.77665,-127.97,-15.5405,-124.93299999999999,-12.5044
122,6.62971,2,100.0,1455240,-127.53399999999999,-29.4586,-101.90700000000001,-3.8321400000000003,-108.936,-10.8605,-127.51700000000001,-29.4629,-101.88600000000001,-3.8321,-108.914,-10.8598
123,-11.8908,2,100.0,9564040,-91.6439,-13.3679,-81.7534,-3.47745,-101.38,-23.1037,-91.3238,-12.97,-81.8742,-3.52043,-101.456,-23.1022
124,-58.7559,2,100.0,0,-123.14,-18.8276,-115.079,-10.7665,-108.398,-4.08627,-123.116,-18.8155,-115.009,-10.7087,-108.4,-4.09883
126,-7.316669999999999,2,100.0,14149856,-111.67200000000001,-8.97273,-112.486,-9.787,-108.559,-5.85935,-111.64299999999999,-8.97772,-112.448,-9.78267,-108.523,-5.85752
127,-9.1627,2,51.7331,15728640,-91.3995,-14.4447,-80.3198,-3.36501,-101.84,-24.8856,-91.1926,-14.1343,-80.4487,-3.39045,-101.90700000000001,-24.8485
128,-43.3096,2,100.0,15066440,-96.2904,-5.9758,-96.7534,-6.43885,-107.34899999999999,-17.0348,-95.9473,-5.75587,-96.8755,-6.684089999999999,-107.369,-17.1778
129,27.5945,2,22.4041,15728640,-99.5585,-42.8328,-188.676,-131.95,-59.7365,-3.01075,-99.4488,-42.4258,-188.62099999999998,-131.59799999999998,-60.0338,-3.0108
131,-14.7206,2,100.0,8831352,-91.4226,-6.4731,-94.9636,-10.014,-92.5222,-7.57263,-91.1688,-6.28848,-95.0987,-10.2184,-92.584,-7.70368
132,-34.8253,2,42.4731,15728640,-91.4385,-3.7177800000000003,-102.306,-14.5856,-101.69200000000001,-13.9713,-91.1534,-3.6651800000000003,-102.45200000000001,-14.9642,-101.711,-14.2231
133,-18.344,2,100.0,0,-115.726,-5.63698,-117.788,-7.699560000000001,-130.716,-20.6267,-115.697,-5.63793,-117.749,-7.689710000000001,-130.68200000000002,-20.6229
134,29.8111,2,100.0,6620256,-91.3288,-12.5434,-82.514,-3.72862,-95.6677,-16.8823,-91.0553,-12.2717,-82.542,-3.75843,-95.8161,-17.0325
135,23.5183,2,100.0,12619320,-104.99,-4.4907699999999995,-109.195,-8.69582,-124.38799999999999,-23.889,-104.961,-4.49161,-109.162,-8.69275,-124.348,-23.8785
136,1.01889,2,100.0,2038784,-91.4848,-5.4179900000000005,-92.815,-6.74825,-115.595,-29.528000000000002,-91.1566,-5.24146,-92.9138,-6.99865,-115.697,-29.7822
137,19.1798,2,100.0,1891088,-91.3602,-4.59911,-95.6664,-8.9053,-102.912,-16.1508,-91.0301,-4.47994,-95.7276,-9.17747,-103.04,-16.4897
138,-31.2346,2,45.3461,15728640,-91.38600000000001,-5.86648,-92.0674,-6.5479,-102.65700000000001,-17.137,-91.0948,-5.66669,-92.2111,-6.782939999999999,-102.685,-17.2569
139,-34.5338,2,45.3911,15728640,-91.6051,-5.246630000000001,-93.4297,-7.07125,-109.647,-23.2886,-91.2766,-5.06721,-93.5643,-7.354830000000001,-109.676,-23.4663
140,1.7511900000000002,2,100.0,10107040,-92.1708,-4.18083,-107.64,-19.6498,-97.6974,-9.707410000000001,-91.946,-4.10544,-107.734,-19.8934,-97.8024,-9.961780000000001
141,-40.8354,2,41.4641,15728640,-91.449,-3.31544,-104.081,-15.9472,-109.007,-20.873,-91.1544,-3.2892900000000003,-104.22200000000001,-16.3572,-109.015,-21.15
142,-8.63141,2,100.0,9023936,-98.0221,-4.922619999999999,-112.415,-19.3157,-100.914,-7.8148800000000005,-97.8035,-4.8204400000000005,-112.541,-19.5582,-100.986,-8.00277
143,3.8420699999999997,2,100.0,3043696,-91.54799999999999,-3.85065,-98.5071,-10.8098,-111.001,-23.3042,-91.2615,-3.7862199999999997,-98.5997,-11.1244,-111.111,-23.6357
144,29.5353,2,100.0,5238864,-91.5958,-5.07607,-93.8106,-7.2908800000000005,-112.708,-26.188000000000002,-91.2243,-4.9229400000000005,-93.8551,-7.553710000000001,-112.834,-26.5331
145,-13.17,2,100.0,5477784,-113.226,-10.3032,-107.314,-4.3910800000000005,-117.65700000000001,-14.7341,-113.197,-10.3104,-107.275,-4.38816,-117.62200000000001,-14.7356
146,-8.79541,2,100.0,14605976,-91.4165,-7.8799,-98.6489,-15.1123,-88.6778,-5.14118,-91.145,-7.643860000000001,-98.7696,-15.2685,-88.7575,-5.2563699999999995
147,17.456,2,100.0,5241760,-91.5173,-3.4655400000000003,-103.288,-15.2364,-105.154,-17.1024,-91.1504,-3.4223199999999996,-103.35600000000001,-15.6276,-105.27600000000001,-17.5481
148,-16.0004,2,100.0,0,-115.802,-6.23945,-127.09200000000001,-17.5295,-116.514,-6.952139999999999,-115.773,-6.23946,-127.052,-17.5189,-116.48,-6.9469
149,-29.3738,2,49.078,15728640,-91.2841,-4.71852,-94.9099,-8.34432,-104.54899999999999,-17.9836,-90.8795,-4.5564800000000005,-95.0317,-8.708689999999999,-104.598,-18.2746
150,-52.5752,2,100.0,1836064,-109.98200000000001,-15.2149,-98.1375,-3.37008,-115.611,-20.844,-109.961,-15.2421,-98.0862,-3.3673900000000003,-115.60600000000001,-20.8873
151,1.37962,2,80.717,15728640,-91.3249,-3.84764,-98.6395,-11.1623,-107.11200000000001,-19.6343,-91.1095,-3.7948,-98.7337,-11.419,-107.215,-19.9001
152,-46.0218,2,34.2571,15728640,-91.2833,-3.76016,-98.6967,-11.1736,-113.244,-25.7207,-91.1008,-3.7021699999999997,-98.9027,-11.5041,-113.20700000000001,-25.8089
153,-26.112,2,100.0,14077456,-91.4238,-9.66517,-100.917,-19.1586,-85.9637,-4.20512,-91.0455,-9.33013,-101.04299999999999,-19.3272,-86.0153,-4.29996
154,-40.7286,2,41.7051,15728640,-91.9599,-9.17639,-102.182,-19.3986,-87.1307,-4.34719,-91.6402,-8.9225,-102.316,-19.5986,-87.1456,-4.42783
155,-42.5057,2,37.1,15728640,-91.3858,-8.58445,-88.0569,-5.2555,-94.7954,-11.9941,-91.1642,-8.32599,-88.2308,-5.39264,-94.7795,-11.9413
156,-2.31725,2,60.422,15728640,-91.3596,-7.52853,-90.1499,-6.3188699999999995,-94.2994,-10.4683,-91.0731,-7.28044,-90.2562,-6.46357,-94.3955,-10.6029
157,-22.4489,2,22.3551,15728640,-81.6656,-5.0209,-177.87900000000002,-101.235,-83.9667,-7.322010000000001,-81.5557,-4.9993300000000005,-178.024,-101.46700000000001,-83.9153,-7.35889
158,-25.6446,2,100.0,5332984,-122.76100000000001,-13.28,-114.383,-4.901669999999999,-120.064,-10.5825,-122.73200000000001,-13.2855,-114.34200000000001,-4.89581,-120.031,-10.5845
159,-4.6031,2,100.0,13480880,-93.6987,-6.38109,-99.5981,-12.2806,-94.0865,-6.7689699999999995,-93.2412,-6.092219999999999,-99.7016,-12.5526,-94.1779,-7.0289600000000005
160,8.444289999999999,2,100.0,5865848,-98.8456,-12.1606,-90.2705,-3.58552,-116.83200000000001,-30.1465,-98.3913,-11.6901,-90.3561,-3.6549199999999997,-116.939,-30.238000000000003
161,-12.4885,2,100.0,6070016,-91.5714,-4.01306,-101.40299999999999,-13.8443,-99.6687,-12.1103,-91.1836,-3.9182699999999997,-101.51799999999999,-14.2528,-99.7466,-12.4812
162,-57.0523,2,40.251999999999995,15728640,-91.4073,-9.23468,-100.76100000000001,-18.5882,-86.5283,-4.35572,-91.148,-9.05787,-100.897,-18.8068,-86.4968,-4.40665
163,-33.3015,2,32.3861,15728640,-91.1908,-3.61465,-99.7915,-12.2153,-110.936,-23.3595,-91.0484,-3.5611599999999997,-100.10600000000001,-12.6189,-110.899,-23.4116
164,-16.7158,2,100.0,0,-105.729,-3.33923,-117.95200000000001,-15.5627,-135.687,-33.2973,-105.7,-3.33935,-117.913,-15.5522,-135.653,-33.2923
165,-25.0988,2,38.143,15728640,-91.3052,-4.14003,-96.8368,-9.67163,-109.10700000000001,-21.9414,-91.1531,-4.05779,-97.0706,-9.97531,-109.09100000000001,-21.996
166,-32.9666,2,100.0,15162008,-92.8817,-3.68779,-108.69200000000001,-19.4981,-101.37,-12.1765,-92.56700000000001,-3.6375300000000004,-108.83,-19.9004,-101.4,-12.4703
167,8.38602,2,22.3881,15728640,-95.3679,-6.371659999999999,-201.166,-112.17,-94.6982,-5.70193,-95.2589,-6.31375,-201.12599999999998,-112.181,-94.6973,-5.75212
168,-8.77476,2,100.0,9008008,-113.87100000000001,-7.74413,-121.822,-15.6949,-111.571,-5.4439400000000004,-113.84200000000001,-7.747269999999999,-121.78399999999999,-15.6884,-111.536,-5.44051
169,-6.5461599999999995,2,61.7791,15728640,-91.5926,-4.65979,-95.1166,-8.18374,-109.315,-22.3818,-91.1601,-4.49685,-95.2231,-8.55985,-109.40299999999999,-22.74
170,-5.58573,2,100.0,5835440,-91.3828,-9.890889999999999,-89.5496,-8.05771,-87.6726,-6.18069,-91.0092,-9.52092,-89.6577,-8.169410000000001,-87.7628,-6.27454
171,-9.25762,2,22.3681,15728640,-89.9181,-3.50063,-185.578,-99.1609,-99.1606,-12.7431,-89.809,-3.49341,-185.581,-99.2657,-99.1195,-12.8039
172,-45.4788,2,39.251999999999995,15728640,-91.4844,-5.554930000000001,-95.501,-9.571539999999999,-95.4716,-9.542119999999999,-91.2385,-5.41749,-95.6586,-9.837539999999999,-95.4575,-9.63641
173,-11.0123,2,46.0031,15728640,-91.2724,-8.69164,-87.1616,-4.58093,-100.412,-17.8314,-91.1123,-8.48038,-87.2986,-4.66673,-100.444,-17.812
174,10.2896,2,100.0,8276768,-91.3895,-15.844000000000001,-90.1625,-14.6171,-79.1168,-3.5713800000000004,-91.1954,-15.5388,-90.2199,-14.5633,-79.251,-3.59444
175,23.1969,2,100.0,7079272,-91.2876,-7.752439999999999,-88.9734,-5.438280000000001,-96.8876,-13.3524,-91.0488,-7.561610000000001,-89.0088,-5.52161,-97.0419,-13.5547
176,9.2157,2,78.57300000000001,15728640,-91.5155,-5.33927,-93.2009,-7.02468,-106.678,-20.5018,-91.2344,-5.19254,-93.2805,-7.238630000000001,-106.79899999999999,-20.7567
177,6.03581,2,100.0,9410552,-91.4641,-5.59419,-96.4077,-10.5377,-94.5471,-8.6772,-91.0726,-5.38049,-96.4971,-10.805,-94.6549,-8.9628
178,10.3466,2,100.0,3185600,-91.3882,-5.33927,-94.2273,-8.17835,-98.6299,-12.581,-91.1073,-5.18956,-94.3042,-8.38647,-98.7526,-12.8349
179,-33.81,2,100.0,15270608,-91.4069,-3.2050099999999997,-106.307,-18.1049,-110.32600000000001,-22.1244,-91.1678,-3.18995,-106.471,-18.4934,-110.335,-22.3574
180,-28.0714,2,36.729,15728640,-91.2521,-6.20209,-91.0063,-5.95629,-107.052,-22.0022,-91.098,-6.00089,-91.2542,-6.15716,-107.03200000000001,-21.9352
181,-56.8358,2,37.342,15728640,-91.9262,-5.08183,-106.387,-19.5422,-94.3323,-7.48787,-91.7163,-5.0154,-106.542,-19.8411,-94.2882,-7.58732
182,-8.36979,2,53.2371,15728640,-91.197,-5.18237,-96.29799999999999,-10.2834,-95.8912,-9.876610000000001,-91.0077,-5.0736099999999995,-96.4249,-10.4908,-95.95299999999999,-10.0189
183,-35.1204,2,37.369,15728640,-91.2294,-10.2374,-96.6427,-15.6507,-85.2167,-4.22476,-91.0275,-10.0704,-96.8339,-15.8768,-85.2088,-4.25162
184,-32.7211,2,43.7601,15728640,-91.522,-4.94006,-94.4665,-7.884539999999999,-104.445,-17.8629,-91.236,-4.79399,-94.61200000000001,-8.16998,-104.469,-18.0269
185,-27.3975,2,100.0,7968344,-91.6565,-8.37372,-87.8224,-4.5396,-108.773,-25.4906,-91.2594,-8.01188,-87.9454,-4.6978800000000005,-108.824,-25.5768
186,-1.33912,2,100.0,11602824,-91.2497,-4.73201,-99.8734,-13.3558,-95.8272,-9.30955,-91.0343,-4.63235,-99.9765,-13.5745,-95.9215,-9.51957
187,17.8426,2,100.0,7461544,-91.2692,-3.47096,-107.289,-19.4907,-101.912,-14.1141,-91.0671,-3.4386900000000002,-107.32600000000001,-19.6976,-102.07,-14.4419
188,28.8218,2,100.0,12445560,-113.2,-5.60254,-214.886,-107.289,-114.64299999999999,-7.04528,-113.171,-5.60555,-214.854,-107.289,-114.602,-7.03667
189,-13.8021,2,100.0,9606032,-98.3149,-3.6911400000000003,-114.23,-19.6058,-106.82700000000001,-12.2031,-98.0992,-3.65129,-114.37100000000001,-19.9234,-106.882,-12.4337
190,-28.0682,2,49.68600000000001,15728640,-91.8574,-6.55647,-95.8983,-10.5973,-92.4759,-7.174989999999999,-91.4481,-6.2941199999999995,-96.0197,-10.8656,-92.5269,-7.37287
191,2.04557,2,100.0,9012352,-110.9,-8.925419999999999,-107.235,-5.26013,-113.73899999999999,-11.7646,-110.929,-8.92025,-107.271,-5.26233,-113.77799999999999,-11.7686
192,3.43143,2,65.1521,15728640,-91.441,-6.712619999999999,-90.1884,-5.46001,-111.311,-26.5823,-91.1437,-6.49259,-90.2822,-5.631069999999999,-111.419,-26.7677
193,-55.4106,2,46.33,15728640,-91.337,-3.19402,-106.024,-17.8811,-112.009,-23.8658,-91.0545,-3.17917,-106.14200000000001,-18.2667,-112.001,-24.1256
194,-13.7866,2,57.043,15728640,-92.1459,-8.94235,-87.7124,-4.50891,-100.609,-17.4051,-91.6991,-8.53395,-87.8252,-4.660019999999999,-100.686,-17.5205
195,23.2874,2,100.0,9002216,-112.292,-5.5434,-116.156,-9.407739999999999,-117.51,-10.7615,-112.26299999999999,-5.5449,-116.12299999999999,-9.40528,-117.47,-10.7517
197,19.1377,2,100.0,13999264,-110.962,-4.71414,-121.697,-15.4492,-115.68799999999999,-9.44048,-110.93299999999999,-4.715730000000001,-121.663,-15.4461,-115.648,-9.431189999999999
198,-33.1833,2,39.332,15728640,-91.2245,-4.6274,-99.8537,-13.2566,-96.2643,-9.66721,-91.0127,-4.54624,-100.035,-13.5687,-96.265,-9.79856
199,14.2001,2,100.0,4047160,-95.5018,-6.07181,-109.12,-19.6898,-95.5969,-6.166930000000001,-95.1625,-5.84588,-109.19200000000001,-19.8757,-95.7186,-6.4019699999999995
200,16.5745,2,100.0,6611568,-91.3808,-4.42465,-97.3159,-10.3597,-100.266,-13.3093,-91.1839,-4.35009,-97.3543,-10.5206,-100.42200000000001,-13.5878
