nRun,angle,targetCellId,downloadTime,rxBytes,rsrp1,rsrq1,rsrp2,rsrq2,rsrp3,rsrq3,previousrsrp1,previousrsrq1,previousrsrp2,previousrsrq2,previousrsrp3,previousrsrq3
201,16.5996,3,31.9241,15728640,-91.1995,-9.70397,-90.5087,-9.01321,-87.2247,-5.7292,-91.0389,-9.48503,-90.5226,-8.96872,-87.3955,-5.84158
203,2.65076,3,100.0,14177368,-91.3629,-4.2005300000000005,-98.0571,-10.8948,-101.34100000000001,-14.1789,-91.1047,-4.11766,-98.1516,-11.1646,-101.449,-14.4621
204,12.5998,3,100.0,10353200,-91.4331,-4.15693,-106.788,-19.5119,-97.0829,-9.80671,-91.1832,-4.072780000000001,-106.855,-19.7444,-97.2145,-10.1041
205,-31.3147,3,100.0,9601688,-91.1814,-8.81978,-87.78200000000001,-5.42036,-93.2447,-10.8831,-91.0237,-8.565430000000001,-88.0359,-5.57762,-93.2211,-10.7628
206,-50.7003,3,100.0,15175040,-119.725,-8.4312,-117.59,-6.29627,-123.661,-12.3677,-119.704,-8.43936,-117.542,-6.2779,-123.655,-12.3901
208,-39.0367,3,100.0,7229864,-91.5896,-3.42792,-106.87899999999999,-18.7174,-103.09899999999999,-14.9375,-91.2719,-3.39531,-107.015,-19.1383,-103.117,-15.2403
209,-41.0849,3,100.0,9301952,-91.1755,-4.0111300000000005,-104.09,-16.9261,-98.0071,-10.8428,-91.0124,-3.9744099999999998,-104.34,-17.3022,-97.9703,-10.9323
210,-5.6634400000000005,3,100.0,0,-137.43200000000002,-24.2248,-119.678,-6.47098,-120.86200000000001,-7.65525,-137.455,-24.2242,-119.709,-6.47864,-120.889,-7.6588899999999995
211,-30.298000000000002,3,24.5751,15728640,-104.45700000000001,-3.3720800000000004,-167.39,-66.3053,-115.786,-14.7013,-104.34700000000001,-3.36709,-167.834,-66.8546,-115.73,-14.7508
212,-54.6398,3,41.3941,15728640,-91.2931,-5.84933,-105.43299999999999,-19.9893,-91.8314,-6.387630000000001,-91.0557,-5.74915,-105.58200000000001,-20.2752,-91.7979,-6.49141
213,-42.9,3,100.0,5309816,-94.4993,-3.4451199999999997,-106.079,-15.0252,-109.13,-18.0762,-94.1541,-3.40573,-106.20200000000001,-15.4532,-109.15100000000001,-18.4027
214,28.099,3,100.0,0,-139.891,-27.5319,-214.611,-102.25200000000001,-116.162,-3.80301,-139.862,-27.5368,-214.578,-102.25399999999999,-116.12100000000001,-3.7963400000000003
215,5.821000000000001,3,41.4031,15728640,-91.3427,-5.3390699999999995,-94.2457,-8.24207,-98.4151,-12.4114,-91.03399999999999,-5.1759900000000005,-94.3346,-8.4766,-98.5271,-12.6691
216,-49.7016,3,100.0,12100936,-91.3534,-6.5780899999999995,-92.9241,-8.14873,-93.7447,-8.9693,-91.0793,-6.38856,-93.0654,-8.37467,-93.7306,-9.039819999999999
217,18.5293,3,36.372,15728640,-91.4075,-3.5056,-108.97200000000001,-21.0697,-101.296,-13.3942,-91.2,-3.46955,-109.009,-21.2785,-101.454,-13.7233
218,10.6339,3,100.0,7331224,-91.3303,-3.46305,-111.064,-23.1963,-101.39299999999999,-13.5253,-91.1454,-3.4331199999999997,-111.115,-23.4028,-101.529,-13.8166
219,-36.8918,3,100.0,0,-131.808,-15.1747,-125.62200000000001,-8.98841,-125.66799999999999,-9.034310000000001,-131.789,-15.1678,-125.59100000000001,-8.96911,-125.65700000000001,-9.034889999999999
220,-11.3381,3,100.0,3330400,-91.53299999999999,-4.70482,-98.0779,-11.2497,-97.4694,-10.6412,-91.257,-4.58763,-98.20299999999999,-11.5336,-97.5432,-10.8739
221,19.5148,3,39.77,15728640,-91.4444,-4.95073,-105.72200000000001,-19.2283,-94.2414,-7.747730000000001,-91.1866,-4.81286,-105.772,-19.3981,-94.384,-8.01022
223,20.0023,3,36.539,15728640,-91.3024,-4.8246400000000005,-96.8996,-10.4218,-97.4598,-10.982000000000001,-91.0948,-4.72444,-96.9327,-10.5623,-97.6213,-11.251
224,-1.77827,3,41.6881,15728640,-91.3849,-3.56454,-115.715,-27.8951,-100.18799999999999,-12.3676,-91.0634,-3.5164699999999995,-115.82,-28.2726,-100.285,-12.7384
225,-29.0596,3,36.568000000000005,15728640,-91.3979,-5.06687,-96.4868,-10.1558,-96.6981,-10.367,-91.1866,-4.9538400000000005,-96.6643,-10.4315,-96.7084,-10.4757
226,-12.4942,3,48.886,15728640,-94.6551,-4.25991,-102.557,-12.162,-102.35700000000001,-11.9617,-94.2062,-4.1303,-102.669,-12.593,-102.436,-12.3601
227,-35.9411,3,36.546,15728640,-91.1921,-13.5223,-81.1491,-3.4794099999999997,-99.4021,-21.7323,-91.0234,-13.1566,-81.3876,-3.5208199999999996,-99.3763,-21.5095
228,-22.584,3,31.2861,15728640,-96.9531,-3.2999300000000003,-157.222,-63.5689,-108.71799999999999,-15.0646,-96.833,-3.2947900000000003,-157.44799999999998,-63.9102,-108.677,-15.1384
229,28.8502,3,39.725,15728640,-91.4899,-6.95896,-102.95700000000001,-18.4264,-89.9972,-5.46629,-91.2326,-6.72202,-102.984,-18.473,-90.1507,-5.64008
230,19.8036,3,100.0,9021040,-105.74,-3.20191,-123.65899999999999,-21.121,-125.258,-22.72,-105.711,-3.20161,-123.626,-21.1161,-125.21799999999999,-22.7087
231,-26.8394,3,100.0,4729168,-94.5501,-3.2859800000000003,-108.46799999999999,-17.2035,-110.824,-19.5599,-94.2003,-3.25978,-108.59700000000001,-17.6569,-110.87100000000001,-19.9307
232,-1.25401,3,22.3631,15728640,-89.2096,-3.1795400000000003,-185.97299999999998,-99.9426,-103.26100000000001,-17.2309,-89.1007,-3.17651,-185.949,-100.025,-103.23200000000001,-17.3076
233,-50.7299,3,100.0,8540304,-92.8331,-3.1638599999999997,-112.089,-22.4195,-109.178,-19.5088,-92.5263,-3.15223,-112.21,-22.8357,-109.18,-19.8061
234,26.8955,3,32.9871,15728640,-91.2044,-4.74012,-111.49799999999999,-25.0336,-94.3991,-7.93478,-91.0392,-4.61835,-111.488,-25.0676,-94.6205,-8.19963
235,-8.705210000000001,3,28.456,15728640,-91.1509,-4.75747,-188.25799999999998,-101.865,-94.2081,-7.814660000000001,-91.0195,-4.71353,-188.347,-102.041,-94.2108,-7.90477
236,-7.1049,3,59.615,15728640,-92.3821,-6.71632,-91.2513,-5.58555,-105.491,-19.8253,-91.9385,-6.4095,-91.3581,-5.82904,-105.579,-20.0498
237,6.72611,3,40.625,15728640,-91.2475,-4.3226,-96.4342,-9.509310000000001,-104.33,-17.4051,-91.0053,-4.23917,-96.5161,-9.74998,-104.449,-17.6826
238,-11.3108,3,100.0,4713240,-113.535,-4.5375,-122.554,-13.5565,-120.771,-11.7728,-113.506,-4.5370099999999995,-122.516,-13.5461,-120.736,-11.7662
239,-4.18783,3,35.6441,15728640,-91.2953,-6.63007,-93.7152,-9.04998,-92.6754,-8.01012,-91.1014,-6.470269999999999,-93.8259,-9.19477,-92.7543,-8.12316
241,-35.9824,3,38.738,15728640,-118.556,-27.0366,-94.5567,-3.03767,-124.626,-33.107,-118.485,-27.1896,-94.3325,-3.03662,-124.564,-33.2684
242,10.9633,3,40.769,15728640,-91.5787,-4.55954,-99.8267,-12.8075,-97.1356,-10.1165,-91.2927,-4.44551,-99.9025,-13.0553,-97.2588,-10.4116
243,-6.3150900000000005,3,100.0,12381848,-102.43,-8.87664,-133.194,-39.6411,-111.15,-17.5968,-102.291,-13.0414,-92.7808,-3.5307800000000005,-111.17200000000001,-21.9224
244,-16.5062,3,22.3651,15728640,-89.6153,-3.0883,-170.227,-83.7001,-107.139,-20.6116,-89.5059,-3.08719,-170.28099999999998,-83.8622,-107.09100000000001,-20.6722
245,0.6634800000000001,3,22.3751,15728640,-88.6536,-3.7017,-178.817,-93.865,-96.2926,-11.3408,-88.5447,-3.68948,-178.78900000000002,-93.9336,-96.2675,-11.4123
246,9.163689999999999,3,100.0,9400416,-116.594,-4.63031,-123.685,-11.720999999999998,-130.55100000000002,-18.5874,-116.565,-4.62714,-123.649,-11.7114,-130.512,-18.5746
247,-14.9295,3,100.0,3043696,-91.5062,-3.9185199999999996,-106.48299999999999,-18.8952,-98.4941,-10.9065,-91.2206,-3.85281,-106.613,-19.2447,-98.5603,-11.1924
248,-19.5038,3,100.0,0,-131.36700000000002,-20.7692,-117.306,-6.707669999999999,-117.1,-6.50202,-131.338,-20.7728,-117.266,-6.70033,-117.066,-6.50098
249,-37.6989,3,100.0,6728856,-91.3303,-5.90153,-92.1132,-6.68447,-100.913,-15.4848,-91.1327,-5.72626,-92.3096,-6.9031199999999995,-100.898,-15.4917
250,11.7358,3,36.0831,15728640,-91.2558,-3.5485300000000004,-106.493,-18.7855,-101.198,-13.4909,-91.054,-3.5123699999999998,-106.54899999999999,-19.0069,-101.336,-13.7948
251,-31.4226,3,42.0371,15728640,-91.3802,-7.190169999999999,-89.91799999999999,-5.728,-98.0167,-13.8266,-91.1231,-6.951060000000001,-90.0732,-5.9011,-98.0367,-13.8646
252,5.270919999999999,3,41.8741,15728640,-91.5451,-4.92751,-103.15799999999999,-16.54,-94.6863,-8.06868,-91.2172,-4.77714,-103.24799999999999,-16.8079,-94.7962,-8.35615
253,-35.3221,3,100.0,12391984,-91.5815,-3.9129300000000002,-98.9245,-11.2559,-104.965,-17.2965,-91.2785,-3.8372300000000004,-99.0653,-11.624,-104.98700000000001,-17.5459
254,-12.6094,3,100.0,11003352,-94.861,-16.7495,-89.1598,-11.0483,-82.088,-3.9765300000000003,-94.4123,-16.2404,-89.2715,-11.0996,-82.167,-3.99511
255,-56.7768,3,100.0,0,-89.0411,-3.2749200000000003,-124.425,-38.6588,-101.10600000000001,-15.3401,-89.0184,-3.27368,-124.36200000000001,-38.6178,-101.105,-15.3601
256,-4.06538,3,100.0,14742088,-91.3206,-4.04818,-101.962,-14.6895,-98.6966,-11.4242,-91.0536,-3.97327,-102.073,-14.9924,-98.7879,-11.7075
257,-51.8603,3,100.0,0,-124.45700000000001,-30.5374,-96.9539,-3.03479,-125.118,-31.1993,-124.435,-30.5657,-96.9042,-3.03456,-125.113,-31.2429
258,12.4795,3,100.0,8483832,-112.723,-10.7224,-137.739,-35.7385,-105.899,-3.8983,-112.694,-10.7302,-137.704,-35.7403,-105.86,-3.89601
259,7.43916,3,100.0,0,-106.292,-3.34635,-118.73899999999999,-15.7935,-131.067,-28.1219,-106.26299999999999,-3.34619,-118.70299999999999,-15.7865,-131.029,-28.1124
260,-29.8687,3,100.0,11035208,-91.2057,-6.704789999999999,-90.0698,-5.5688699999999995,-105.031,-20.5299,-91.0626,-6.46742,-90.3603,-5.7651699999999995,-105.0,-20.4045
261,-57.6586,3,100.0,9018144,-106.559,-6.33847,-108.102,-7.881889999999999,-110.229,-10.0089,-106.535,-6.347569999999999,-108.037,-7.848669999999999,-110.229,-10.0407
262,-24.4736,3,47.813,15728640,-97.8111,-8.675360000000001,-94.7812,-5.64545,-99.5295,-10.3938,-97.3901,-8.29914,-94.9011,-5.81016,-99.5874,-10.4964
263,-20.1458,3,100.0,8802392,-134.569,-34.1663,-103.464,-3.0615099999999997,-136.029,-35.6264,-134.539,-34.1768,-103.42399999999999,-3.06108,-135.995,-35.6325
264,7.39572,3,100.0,0,-117.31200000000001,-5.41921,-120.835,-8.94175,-131.129,-19.2356,-117.28299999999999,-5.41694,-120.79899999999999,-8.93266,-131.09,-19.2239
265,22.9755,3,44.1621,15728640,-94.5846,-3.9049,-101.625,-10.9456,-109.86,-19.18,-94.3623,-3.8559900000000003,-101.656,-11.1496,-110.021,-19.5145
266,-29.3754,3,38.876999999999995,15728640,-91.3165,-7.60832,-89.6684,-5.9602,-95.0807,-11.3725,-91.0776,-7.37127,-89.8301,-6.12378,-95.1004,-11.394
267,23.9464,3,28.121,15728640,-91.1828,-4.0060199999999995,-186.232,-99.0549,-97.0836,-9.90677,-91.0524,-3.9292300000000004,-186.199,-99.0759,-97.3422,-10.219
268,-52.0392,3,100.0,6223504,-106.766,-7.35445,-104.603,-5.19165,-119.68299999999999,-20.2723,-106.744,-7.37149,-104.553,-5.1798,-119.678,-20.3048
269,10.8157,3,34.9821,15728640,-91.2923,-10.2123,-94.2019,-13.1218,-85.566,-4.48599,-91.1074,-9.961789999999999,-94.2527,-13.1071,-85.7032,-4.5576
270,24.9378,3,44.2481,15728640,-92.3359,-7.03145,-103.32799999999999,-18.0231,-90.7421,-5.43766,-91.9163,-6.71565,-103.385,-18.1839,-90.8622,-5.661580000000001
271,4.297540000000001,3,100.0,5896256,-91.3619,-12.1783,-87.9799,-8.796330000000001,-84.3058,-5.1222,-91.1523,-11.9042,-88.0633,-8.81515,-84.4183,-5.17016
272,23.5274,3,40.183,15728640,-93.7757,-7.16105,-91.8908,-5.27616,-106.3,-19.6853,-93.5221,-6.98128,-91.9294,-5.3886,-106.449,-19.9086
273,-25.0913,3,100.0,8890720,-91.2853,-5.33528,-94.4436,-8.49359,-97.7819,-11.8318,-91.1204,-5.21025,-94.6575,-8.74733,-97.7765,-11.8663
274,-35.9063,3,100.0,7332672,-91.3771,-10.9527,-84.4271,-4.002759999999999,-97.0464,-16.622,-91.1889,-10.6335,-84.6339,-4.07848,-97.0305,-16.4751
275,-18.6364,3,26.66,15728640,-94.70200000000001,-4.25023,-165.21,-74.7585,-99.5296,-9.077910000000001,-94.5753,-20.4492,-84.3887,-10.2626,-99.5017,-25.3756
276,-1.2207,3,36.1461,15728640,-91.2691,-5.11632,-97.1529,-11.0002,-95.6419,-9.48916,-91.0677,-5.00461,-97.2537,-11.1907,-95.7339,-9.670869999999999
277,-39.175,3,100.0,10095456,-91.2204,-6.09666,-91.8735,-6.749739999999999,-98.8109,-13.6872,-91.0455,-5.91831,-92.1007,-6.97348,-98.7826,-13.6554
278,25.1505,3,44.3851,15728640,-102.289,-15.577,-107.583,-20.8703,-90.0483,-3.33587,-101.87,-15.0706,-107.639,-20.8395,-90.1686,-3.3686599999999998
279,-27.3387,3,22.3601,15728640,-87.4511,-3.3721300000000003,-167.864,-83.7854,-98.075,-13.995999999999999,-87.3407,-3.3676199999999996,-168.162,-84.1891,-98.0211,-14.0481
280,-24.8816,3,41.7521,15728640,-91.3188,-6.7008399999999995,-90.5743,-5.95638,-99.52,-14.9021,-91.0868,-6.489240000000001,-90.734,-6.1365,-99.5489,-14.9513
281,29.405,3,39.577,15728640,-91.3657,-6.997310000000001,-93.4524,-9.084010000000001,-91.8959,-7.5275300000000005,-91.1124,-6.7880899999999995,-93.4763,-9.152000000000001,-92.0514,-7.727069999999999
282,-21.8628,3,100.0,11389968,-114.084,-3.63732,-128.893,-18.4462,-145.086,-34.6388,-114.055,-3.6346,-128.85299999999998,-18.4324,-145.05200000000002,-34.6319
283,-39.2872,3,100.0,5693536,-91.6123,-3.22214,-108.211,-19.8212,-107.235,-18.8449,-91.2579,-3.2029,-108.337,-20.2822,-107.26100000000001,-19.2057
284,-59.0815,3,100.0,7817752,-104.443,-10.1916,-98.7179,-4.4667699999999995,-107.67,-13.4185,-104.419,-10.2228,-98.6474,-4.4511400000000005,-107.671,-13.475
285,-55.8466,3,22.3741,15728640,-95.07700000000001,-15.5977,-82.7408,-3.26145,-112.54899999999999,-33.0696,-94.9614,-15.4227,-82.8107,-3.27202,-112.488,-32.9492
286,1.29616,3,100.0,9036968,-104.74600000000001,-3.5874599999999996,-116.986,-15.8273,-116.40299999999999,-15.2448,-104.775,-3.5868900000000004,-117.023,-15.8344,-116.44200000000001,-15.2531
288,-44.5423,3,100.0,12906024,-91.5648,-6.17785,-91.8327,-6.44569,-100.337,-14.95,-91.2733,-5.968369999999999,-91.9729,-6.66795,-100.338,-15.0327
289,-15.9756,3,100.0,10618184,-114.436,-12.1561,-120.09100000000001,-17.8104,-106.104,-3.82416,-114.40700000000001,-12.1603,-120.051,-17.8041,-106.07,-3.82315
290,-54.4479,3,100.0,10610944,-91.277,-3.4212599999999997,-102.495,-14.6397,-107.649,-19.7932,-91.1235,-3.3959599999999996,-102.69200000000001,-14.9641,-107.594,-19.8665
291,-11.1519,3,39.063,15728640,-91.384,-8.34048,-87.9119,-4.8684,-98.6694,-15.6259,-91.1455,-8.08642,-88.0421,-4.98311,-98.738,-15.679
292,15.4488,3,100.0,0,-126.906,-10.3079,-124.77,-8.17249,-130.82,-14.2226,-126.87700000000001,-10.2978,-124.736,-8.157010000000001,-130.781,-14.202
293,-31.0177,3,100.0,2468840,-91.57600000000001,-8.52094,-105.92299999999999,-22.8679,-87.5633,-4.5082699999999996,-91.2751,-8.28388,-106.064,-23.0728,-87.5943,-4.60309
294,-20.5906,3,100.0,13997816,-91.175,-4.04416,-183.94,-96.8087,-96.8912,-9.76034,-91.0512,-4.30377,-166.14,-79.3928,-96.8566,-10.1092
295,-14.9679,3,31.3971,15728640,-91.1684,-4.33635,-100.264,-13.4322,-97.4896,-10.6575,-91.0144,-4.2802,-100.425,-13.6913,-97.5023,-10.7681
296,-46.6521,3,100.0,12187816,-91.18,-5.60527,-105.59899999999999,-20.024,-92.2545,-6.679860000000001,-91.029,-5.55365,-105.85799999999999,-20.3829,-92.206,-6.730639999999999
297,1.53108,3,100.0,11410240,-98.1564,-6.56377,-97.3083,-5.71574,-111.385,-19.792,-97.8847,-6.36129,-97.406,-5.88259,-111.49,-19.9661
298,-51.7043,3,100.0,15324184,-91.3033,-4.54734,-102.64399999999999,-15.8876,-95.8567,-9.1007,-91.0006,-4.45475,-102.77,-16.2246,-95.85,-9.30406
299,-38.6083,3,100.0,12444112,-91.4335,-7.40072,-89.3142,-5.2814,-100.706,-16.6731,-91.2006,-7.15712,-89.4826,-5.43912,-100.70200000000001,-16.6585
300,-1.71902,3,100.0,11547800,-94.05,-5.798769999999999,-94.709,-6.45779,-108.04,-19.7887,-93.8512,-5.65909,-94.8112,-6.6191,-108.13,-19.9374
301,-32.4778,3,36.711999999999996,15728640,-91.3671,-5.19228,-97.794,-11.6192,-95.0902,-8.91538,-91.1525,-5.0845,-97.9728,-11.9048,-95.0935,-9.02548
302,-15.3535,3,100.0,15062096,-91.4447,-7.21846,-110.645,-26.4185,-89.3431,-5.11686,-91.1987,-7.0317300000000005,-110.78299999999999,-26.6159,-89.4016,-5.23461
303,-54.0796,3,100.0,9034072,-91.2244,-4.73457,-116.681,-30.1908,-94.3767,-7.88692,-91.0539,-4.69514,-116.869,-30.5101,-94.3263,-7.96755
304,-18.1069,3,100.0,6886688,-91.6802,-3.4211400000000003,-103.10600000000001,-14.8469,-107.45299999999999,-19.1936,-91.3739,-3.3850800000000003,-103.23700000000001,-15.2477,-107.514,-19.525
305,-10.4024,3,37.934,15728640,-91.3211,-12.9998,-98.6584,-20.3371,-81.881,-3.5597,-91.0994,-12.7399,-98.7893,-20.4298,-81.9479,-3.58835
306,-35.8538,3,22.4211,15728640,-103.29299999999999,-38.6866,-67.6176,-3.01165,-111.823,-47.2168,-103.182,-37.7933,-68.4005,-3.0119599999999997,-111.766,-46.376999999999995
307,-55.9321,3,100.0,8401296,-93.8376,-4.10493,-99.7385,-10.0059,-109.29700000000001,-19.5644,-93.54799999999999,-4.0197,-99.8593,-10.3309,-109.28399999999999,-19.756
308,27.7582,3,41.01,15728640,-91.4434,-4.49466,-96.6308,-9.68201,-101.28,-14.3309,-91.1557,-4.396059999999999,-96.6666,-9.90692,-101.42299999999999,-14.6631
309,-8.81767,3,35.2931,15728640,-91.3357,-6.675110000000001,-90.572,-5.91139,-100.12100000000001,-15.46,-91.1509,-6.5032,-90.7007,-6.052969999999999,-100.178,-15.5308
310,4.98144,3,100.0,14695752,-91.6304,-3.32964,-110.46700000000001,-22.1659,-103.671,-15.3701,-91.3025,-3.3003199999999997,-110.55799999999999,-22.5555,-103.78,-15.7782
311,-21.5621,3,36.914,15728640,-91.2794,-6.38681,-91.6903,-6.797689999999999,-97.0397,-12.1471,-91.0632,-6.20233,-91.8514,-6.990530000000001,-97.0719,-12.210999999999999
312,-38.2107,3,100.0,12444112,-113.546,-4.74308,-118.20299999999999,-9.39991,-127.44200000000001,-18.6398,-113.527,-4.74456,-118.171,-9.38814,-127.432,-18.6491
313,-59.2793,3,22.3741,15728640,-90.7408,-16.6671,-77.2762,-3.20245,-114.839,-40.7653,-90.6242,-16.5215,-77.3118,-3.20914,-114.77799999999999,-40.6748
314,-31.5275,3,35.5281,15728640,-91.3042,-6.5218300000000005,-90.979,-6.19665,-99.1003,-14.318,-91.1272,-6.32454,-91.196,-6.3933800000000005,-99.088,-14.2854
315,5.87756,3,42.6891,15728640,-91.4155,-6.81735,-99.2767,-14.6786,-90.4876,-5.88943,-91.0943,-6.571610000000001,-99.3658,-14.8431,-90.5989,-6.07624
317,16.5129,3,36.872,15728640,-91.2699,-3.6404199999999998,-111.565,-23.9352,-99.6225,-11.9931,-91.054,-3.59375,-111.611,-24.151,-99.7716,-12.3114
318,1.17829,3,40.181,15728640,-91.3912,-10.572000000000001,-109.166,-28.3464,-84.6829,-3.8637099999999998,-91.1242,-10.2683,-109.264,-28.4082,-84.787,-3.9311599999999998
319,11.5196,3,34.3691,15728640,-91.3239,-4.8709,-99.9772,-13.5242,-95.3276,-8.87465,-91.1473,-4.771319999999999,-100.02,-13.6444,-95.4685,-9.09251
320,4.82985,3,42.0211,15728640,-91.4417,-6.06565,-91.7776,-6.40153,-101.691,-16.3149,-91.1138,-5.8581900000000005,-91.8689,-6.61332,-101.8,-16.5445
321,-41.2671,3,45.6351,15728640,-95.3918,-7.80052,-102.414,-14.8232,-92.8083,-5.21701,-95.0383,-7.54575,-102.537,-15.0443,-92.8324,-5.33979
322,-29.1135,3,49.38,15728640,-91.4697,-3.75924,-106.774,-19.0638,-99.4828,-11.7723,-91.1349,-3.69981,-106.90700000000001,-19.4723,-99.5234,-12.0884
323,0.461104,3,100.0,9042760,-115.064,-10.0399,-128.366,-23.3422,-109.212,-4.18847,-115.09299999999999,-10.0342,-128.403,-23.3447,-109.25,-4.19131
324,-52.2632,3,100.0,3902360,-91.484,-5.1271,-94.8186,-8.461730000000001,-99.3543,-12.9974,-91.2293,-4.9935,-94.9641,-8.72834,-99.3298,-13.094000000000001
325,-54.8531,3,100.0,8336136,-91.3627,-18.8724,-75.7127,-3.22245,-92.1318,-19.6415,-91.18299999999999,-18.5292,-75.8909,-3.23718,-92.0828,-19.4291
326,-7.487539999999999,3,66.384,15728640,-91.8809,-5.13773,-94.1452,-7.40207,-106.15100000000001,-19.4075,-91.4491,-4.937209999999999,-94.2529,-7.74102,-106.238,-19.7259
327,-34.3239,3,22.4091,15728640,-96.9711,-37.8645,-62.1186,-3.01198,-104.488,-45.3814,-96.8606,-37.0389,-62.833999999999996,-3.01233,-104.431,-44.6096
328,27.9122,3,100.0,6792568,-123.765,-10.2614,-118.905,-5.4008400000000005,-133.007,-19.5036,-123.736,-10.2573,-118.87200000000001,-5.3935900000000006,-132.967,-19.4879
329,-22.9363,3,100.0,14972320,-91.6678,-3.9080699999999995,-101.74799999999999,-13.9882,-100.506,-12.7461,-91.27600000000001,-3.8228,-101.87100000000001,-14.4174,-100.564,-13.1113
330,-19.955,3,100.0,9417792,-91.5145,-4.31045,-102.40700000000001,-15.2034,-97.25200000000001,-10.048,-91.1972,-4.21234,-102.538,-15.5533,-97.3103,-10.3254
331,-41.1051,3,23.5531,15728640,-105.946,-40.6299,-68.3273,-3.01125,-112.00399999999999,-46.6874,-105.838,-39.9537,-68.8959,-3.0114099999999997,-111.944,-46.0595
332,46.1271,3,75.7781,15728640,-91.3248,-3.5261099999999996,-104.94,-17.1411,-102.19,-14.3908,-91.1229,-3.4993,-105.125,-17.5015,-102.16,-14.5363
333,-17.9928,3,57.011,15728640,-91.3665,-3.3155,-109.691,-21.6399,-103.77600000000001,-15.7245,-91.0657,-3.29105,-109.822,-22.0475,-103.836,-16.0616
334,-42.3763,3,100.0,12599048,-108.07799999999999,-3.6872800000000003,-117.038,-12.6466,-127.61200000000001,-23.2208,-108.059,-3.6884699999999997,-117.00200000000001,-12.6314,-127.602,-23.2313
335,-36.8567,3,22.3681,15728640,-95.766,-43.3544,-55.4223,-3.01074,-105.671,-53.2597,-95.6543,-42.4713,-56.1938,-3.01084,-105.61399999999999,-52.4311
336,-50.4497,3,100.0,5218592,-91.5967,-5.11776,-104.101,-17.6222,-94.0559,-7.576980000000001,-91.29299999999999,-4.9980400000000005,-104.22,-17.9255,-94.0606,-7.765619999999999
337,5.43574,3,100.0,15204000,-91.6022,-11.1175,-97.9527,-17.468,-84.4134,-3.9287300000000003,-91.281,-10.7561,-98.0427,-17.5178,-84.524,-3.99915
338,-37.1735,3,100.0,9206384,-130.749,-21.29,-113.03200000000001,-3.57209,-128.907,-19.4472,-130.731,-21.2994,-113.0,-3.5688400000000002,-128.895,-19.4641
339,-54.3988,3,100.0,9005112,-115.77799999999999,-8.85945,-112.11200000000001,-5.19313,-120.469,-13.5498,-115.757,-8.87732,-112.056,-5.177230000000001,-120.465,-13.5857
340,-26.7177,3,100.0,8992080,-117.859,-7.656389999999999,-118.941,-8.73851,-118.587,-8.38454,-117.83,-7.65756,-118.9,-8.72818,-118.554,-8.38235
341,-11.1086,3,100.0,10221432,-91.4567,-3.4781400000000002,-102.137,-14.1589,-107.056,-19.0771,-91.1545,-3.43781,-102.259,-14.5424,-107.132,-19.4157
343,-6.538880000000001,3,100.0,9036968,-116.934,-4.351459999999999,-129.575,-16.9917,-128.29,-15.7072,-116.921,-4.34957,-129.558,-16.986,-128.274,-15.7017
344,26.2804,3,44.0341,15728640,-92.3332,-4.7186900000000005,-100.943,-13.3285,-96.9773,-9.36272,-91.9179,-4.55731,-100.99700000000001,-13.6368,-97.098,-9.73736
345,-29.8813,3,100.0,14898472,-106.454,-4.7696,-160.416,-58.7322,-109.655,-7.971030000000001,-106.34200000000001,-4.74989,-160.84799999999998,-59.256,-109.601,-8.0085
346,-3.26471,3,100.0,14339544,-91.3662,-4.58752,-116.82799999999999,-30.049,-94.9884,-8.209760000000001,-91.0744,-4.47363,-116.936,-30.335,-95.0825,-8.48174
347,-39.2429,3,100.0,15655776,-91.3324,-9.24592,-87.6466,-5.56007,-91.9596,-9.87312,-91.1248,-8.9901,-87.833,-5.69836,-91.9453,-9.81061
348,-58.3068,3,22.3811,15728640,-94.917,-9.37398,-89.6991,-4.15605,-121.34100000000001,-35.7977,-94.8007,-9.25127,-89.7431,-4.1937,-121.279,-35.73
350,-49.7825,3,100.0,10839728,-126.348,-17.2671,-112.916,-3.8351300000000004,-124.406,-15.3255,-126.32700000000001,-17.2855,-112.87,-3.82844,-124.399,-15.3575
351,-59.6838,3,22.3611,15728640,-83.1163,-3.3665800000000004,-93.8844,-14.1346,-111.068,-31.3181,-82.9996,-3.35515,-93.9169,-14.2724,-111.006,-31.3618
352,26.5977,3,100.0,15508080,-91.7,-4.76119,-110.721,-23.7824,-94.8592,-7.92035,-91.3564,-4.6102099999999995,-110.76799999999999,-24.0221,-94.9899,-8.24375
353,-15.5668,3,100.0,5719600,-93.5837,-3.42731,-104.787,-14.6305,-109.804,-19.6481,-93.3679,-3.3974800000000003,-104.93299999999999,-14.963,-109.854,-19.8834
354,16.5926,3,44.2731,15728640,-91.6517,-3.34188,-109.52,-21.2104,-103.709,-15.3991,-91.2676,-3.3075300000000003,-109.59,-21.6303,-103.82799999999999,-15.8684
355,-45.2514,3,100.0,14338096,-92.8936,-12.7082,-109.632,-29.4467,-83.6998,-3.51445,-92.5607,-12.3981,-109.75399999999999,-29.590999999999998,-83.7155,-3.5529599999999997
356,16.6397,3,39.314,15728640,-91.3617,-8.98307,-99.5063,-17.1276,-86.887,-4.50839,-91.1157,-8.70076,-99.5612,-17.1463,-87.0277,-4.61275
357,26.185,3,44.1431,15728640,-92.1853,-3.45931,-116.666,-27.9404,-101.994,-13.2676,-91.7696,-3.40975,-116.721,-28.3611,-102.11399999999999,-13.7543
358,7.17979,3,41.6381,15728640,-91.6082,-3.7423900000000003,-102.155,-14.2892,-101.845,-13.9792,-91.2872,-3.6797,-102.241,-14.6339,-101.959,-14.350999999999999
359,-18.0447,3,100.0,12197952,-97.3812,-8.54172,-93.5028,-4.66323,-106.301,-17.4615,-96.9431,-8.15155,-93.6189,-4.82735,-106.37100000000001,-17.5791
360,-12.7131,3,27.201,15728640,-91.1837,-12.165999999999999,-182.25599999999997,-103.238,-82.5908,-3.5730800000000005,-91.0554,-12.0652,-182.37099999999998,-103.381,-82.5774,-3.5872
362,-15.3161,3,100.0,7560008,-115.82799999999999,-7.0663100000000005,-173.585,-64.8235,-114.48299999999999,-5.72145,-115.698,-19.5667,-133.23,-37.0981,-114.46600000000001,-18.3337
363,53.1317,3,90.85,15728640,-91.2848,-4.26234,-96.9647,-9.942260000000001,-103.288,-16.2659,-91.07600000000001,-4.18086,-97.1306,-10.2354,-103.249,-16.3542
364,-56.1602,3,22.3671,15728640,-87.5665,-6.04453,-87.5782,-6.0563,-106.279,-24.756999999999998,-87.4507,-5.95488,-87.6444,-6.14858,-106.21799999999999,-24.721999999999998
365,14.0864,3,100.0,13279608,-91.4287,-4.77653,-95.505,-8.85283,-101.01899999999999,-14.3668,-91.1213,-4.650180000000001,-95.5755,-9.10431,-101.14399999999999,-14.6732
366,-24.0428,3,43.4361,15728640,-91.3019,-7.563619999999999,-88.7639,-5.02566,-103.633,-19.8945,-91.1405,-7.32843,-88.9773,-5.16525,-103.62700000000001,-19.8152
367,14.934000000000001,3,39.16,15728640,-91.3286,-3.77187,-101.2,-13.6437,-101.884,-14.3274,-91.0864,-3.7194,-101.259,-13.8922,-102.022,-14.6553
368,2.58557,3,26.658,15728640,-91.1912,-6.84612,-174.84799999999998,-90.5034,-89.6743,-5.329219999999999,-91.0664,-6.75415,-174.859,-90.5468,-89.7075,-5.3952599999999995
370,-59.9922,3,100.0,11785272,-112.851,-13.509,-103.059,-3.71731,-115.115,-15.7734,-112.82700000000001,-13.5498,-102.985,-3.70822,-115.119,-15.8416
371,17.7005,3,25.7701,15728640,-91.1897,-5.39867,-193.178,-107.387,-92.5419,-6.7508,-91.0691,-5.28799,-193.144,-107.36200000000001,-92.6877,-6.906619999999999
372,-59.3557,3,100.0,5438688,-110.118,-18.474,-112.76,-21.116,-94.8557,-3.2115099999999996,-110.094,-18.45,-112.689,-21.0442,-94.8578,-3.2134
373,16.759,3,38.549,15728640,-91.3414,-8.02397,-94.8958,-11.5784,-88.9602,-5.6428,-91.1097,-7.7826,-94.9468,-11.6196,-89.105,-5.77789
374,12.3927,3,38.341,15728640,-91.3629,-4.51968,-97.4809,-10.6377,-99.0476,-12.2044,-91.1347,-4.42807,-97.5436,-10.8369,-99.1827,-12.4761
375,7.203539999999999,3,100.0,14297552,-91.8068,-3.12515,-116.499,-27.8172,-108.251,-19.5689,-91.6198,-3.11762,-116.564,-28.0615,-108.37299999999999,-19.8704
376,-0.0500969,3,33.2921,15728640,-91.1783,-3.65991,-101.23899999999999,-13.720999999999998,-103.24700000000001,-15.7287,-91.0202,-3.6282,-101.315,-13.9234,-103.323,-15.9306
377,-58.6763,3,22.3921,15728640,-103.316,-11.6136,-95.3871,-3.68519,-118.1,-26.3983,-103.199,-11.479000000000001,-95.4279,-3.7077400000000003,-118.039,-26.3187
378,-10.6345,3,100.0,15581928,-91.48700000000001,-8.44779,-104.384,-21.3443,-87.6039,-4.56473,-91.1391,-8.14598,-104.5,-21.506999999999998,-87.6842,-4.69105
379,29.084,3,44.1281,15728640,-92.7138,-4.75216,-105.758,-17.796,-96.2524,-8.29071,-92.3081,-4.58724,-105.807,-18.0857,-96.3741,-8.65316
380,-34.4403,3,100.0,0,-119.535,-7.798360000000001,-126.04,-14.3039,-118.193,-6.45686,-119.516,-7.79351,-126.01100000000001,-14.288,-118.182,-6.4588
381,-8.08124,3,100.0,12389088,-91.4879,-3.9643800000000002,-99.5802,-12.0567,-101.958,-14.4342,-91.0674,-3.8665300000000005,-99.6891,-12.4882,-102.044,-14.843
382,-23.6643,3,39.365,15728640,-91.4026,-6.71778,-93.2021,-8.51731,-93.0349,-8.35014,-91.1566,-6.5265699999999995,-93.3544,-8.72437,-93.0712,-8.44115
383,-55.6362,3,100.0,5199768,-111.97,-19.7523,-95.4332,-3.21523,-111.54799999999999,-19.3301,-111.948,-19.7868,-95.3741,-3.21306,-111.545,-19.3843
384,28.6831,3,37.402,15728640,-91.3817,-4.83505,-100.787,-14.2407,-95.288,-8.74133,-91.1619,-4.71617,-100.802,-14.3563,-95.4593,-9.01361
385,5.76359,3,41.022,15728640,-91.4557,-5.867000000000001,-97.9794,-12.3906,-92.9615,-7.37275,-91.1586,-5.67699,-98.068,-12.5864,-93.0742,-7.59258
386,-58.7445,3,100.0,13895008,-121.109,-32.5119,-91.6807,-3.0833,-109.88799999999999,-21.2904,-121.086,-32.5565,-91.6115,-3.08216,-109.889,-21.3596
387,-25.8121,3,100.0,5441584,-115.985,-4.68781,-122.411,-11.1141,-128.535,-17.2383,-115.956,-4.68601,-122.37100000000001,-11.1009,-128.503,-17.233
388,-51.048,3,22.3951,15728640,-95.961,-23.1546,-75.8599,-3.0535,-112.678,-39.8714,-95.8465,-22.8921,-76.0106,-3.0562,-112.618,-39.6631
389,7.7053899999999995,3,29.096999999999998,15728640,-91.3278,-3.1097799999999998,-175.679,-87.4609,-107.801,-19.5829,-91.2096,-3.1063,-175.65900000000002,-87.5561,-107.84100000000001,-19.7372
390,-2.48188,3,30.585,15728640,-91.21799999999999,-5.8533599999999995,-93.0207,-7.6559800000000005,-97.0106,-11.645999999999999,-91.0705,-5.75025,-93.0978,-7.77755,-97.0628,-11.7426
391,6.27618,3,43.6211,15728640,-91.6187,-5.2439800000000005,-105.06,-18.6848,-93.6505,-7.2758199999999995,-91.2618,-5.062880000000001,-105.148,-18.9495,-93.7604,-7.56153
392,-28.8572,3,100.0,12053152,-91.2791,-5.50496,-92.7646,-6.990480000000001,-103.15100000000001,-17.3771,-91.1348,-5.3361,-93.0437,-7.245089999999999,-103.12299999999999,-17.3239
393,3.71441,3,44.7481,15728640,-91.6541,-4.87327,-109.77600000000001,-22.9949,-94.4996,-7.718710000000001,-91.2202,-4.693569999999999,-109.869,-23.342,-94.6027,-8.07607
394,-37.1925,3,100.0,8243464,-93.1978,-3.14823,-113.815,-23.7651,-109.65700000000001,-19.6077,-92.9484,-3.13931,-113.975,-24.1654,-109.662,-19.8527
395,-43.2845,3,22.4261,15728640,-102.831,-33.461,-72.3854,-3.01499,-110.12700000000001,-40.7569,-102.719,-32.8917,-72.8433,-3.01563,-110.068,-40.2407
396,-35.5368,3,100.0,0,-131.564,-22.4814,-122.37899999999999,-13.2965,-112.964,-3.8812699999999998,-131.545,-22.4753,-122.34899999999999,-13.2787,-112.95200000000001,-3.8822300000000003
397,16.0867,3,30.553,15728640,-91.2732,-15.4091,-95.1743,-19.3103,-79.2414,-3.37739,-91.1235,-15.1132,-95.1792,-19.1689,-79.4106,-3.4003099999999997
398,-32.1173,3,100.0,2468840,-91.59700000000001,-10.0556,-86.3719,-4.83052,-92.9464,-11.405,-91.2967,-9.721,-86.5133,-4.9376,-92.9748,-11.3991
399,12.2233,3,26.1391,15728640,-91.2083,-6.47724,-178.12900000000002,-93.3983,-90.34100000000001,-5.60986,-91.0862,-6.361680000000001,-178.107,-93.3828,-90.4313,-5.706840000000001
400,6.00042,3,38.319,15728640,-91.2711,-4.35056,-99.2863,-12.3658,-98.1983,-11.2778,-91.0495,-4.26714,-99.3669,-12.5845,-98.3163,-11.5339
