nRun,angle,targetCellId,downloadTime,rxBytes,rsrp1,rsrq1,rsrp2,rsrq2,rsrp3,rsrq3,previousrsrp1,previousrsrq1,previousrsrp2,previousrsrq2,previousrsrp3,previousrsrq3
1,-59.5059,3,100.0,10065048,-111.41799999999999,-14.6767,-100.21799999999999,-3.47664,-115.098,-18.3565,-111.39399999999999,-14.7191,-100.146,-3.4708900000000003,-115.1,-18.4252
2,-43.5576,3,100.0,14300448,-99.2476,-3.50662,-109.40100000000001,-13.6605,-116.117,-20.3763,-99.2281,-3.50788,-109.365,-13.6443,-116.10799999999999,-20.3875
3,-50.6608,3,100.0,3330400,-91.5394,-7.50137,-106.006,-21.9676,-89.0448,-5.0067699999999995,-91.2721,-7.34028,-106.148,-22.2166,-89.027,-5.0951699999999995
4,-12.9374,3,41.7761,15728640,-91.5915,-8.67026,-97.4317,-14.5104,-87.7539,-4.8326199999999995,-91.2717,-8.38377,-97.5539,-14.665999999999999,-87.8278,-4.93989
5,-20.8164,3,100.0,1836064,-119.807,-17.3387,-105.859,-3.3904400000000003,-120.685,-18.2173,-119.77799999999999,-17.3485,-105.819,-3.3891699999999996,-120.652,-18.2227
6,-34.1306,3,100.0,11043896,-126.456,-16.4635,-113.786,-3.79325,-129.004,-19.0117,-126.43799999999999,-16.4708,-113.756,-3.78954,-128.99200000000002,-19.0257
7,28.7827,3,100.0,1675336,-124.81700000000001,-10.3157,-217.67,-103.169,-120.135,-5.63371,-124.788,-10.3143,-217.638,-103.165,-120.094,-5.62069
8,29.8063,3,100.0,14676928,-91.6209,-3.6865,-110.624,-22.69,-99.7138,-11.7794,-91.2689,-3.6211599999999997,-110.666,-23.0183,-99.8438,-12.1961
9,-32.8272,3,100.0,8479488,-132.77,-29.276999999999997,-106.645,-3.15137,-127.264,-23.771,-132.752,-29.2866,-106.616,-3.1506,-127.25200000000001,-23.787
10,-4.90765,3,100.0,14768152,-95.3823,-3.77671,-105.62700000000001,-14.0214,-105.52600000000001,-13.9209,-94.925,-3.6918,-105.73100000000001,-14.4975,-105.617,-14.3842
11,15.2707,3,39.701,15728640,-91.4692,-3.25636,-113.273,-25.0599,-104.39299999999999,-16.18,-91.2154,-3.23628,-113.333,-25.354,-104.529,-16.55
12,-17.3718,3,100.0,10414016,-92.8514,-3.3943,-104.57600000000001,-15.1186,-108.999,-19.5423,-92.6325,-3.36655,-104.726,-15.46,-109.045,-19.7786
13,10.7748,3,39.286,15728640,-91.3126,-4.16218,-102.439,-15.2887,-97.774,-10.6236,-91.0666,-4.08108,-102.51,-15.5248,-97.9022,-10.9167
14,-50.2596,3,100.0,11013488,-91.1851,-5.64341,-92.4402,-6.89848,-101.95,-16.4087,-91.0372,-5.485469999999999,-92.6779,-7.12617,-101.898,-16.3459
15,-42.3237,3,100.0,10637008,-91.4471,-3.5512900000000003,-112.18,-24.2843,-100.53,-12.6338,-91.1418,-3.5148099999999998,-112.318,-24.6905,-100.538,-12.9111
16,-6.22907,3,100.0,11612960,-93.9956,-3.18771,-178.15900000000002,-87.3512,-107.921,-17.1129,-93.8597,-3.1816400000000002,-178.24099999999999,-87.5625,-107.94,-17.2616
17,23.2071,3,38.231,15728640,-92.8071,-3.18336,-111.05799999999999,-21.434,-108.866,-19.2426,-92.6142,-3.17175,-111.075,-21.6322,-109.045,-19.6028
18,-15.3347,3,100.0,5432896,-121.23899999999999,-12.2079,-113.01299999999999,-3.9823199999999996,-135.651,-26.6207,-121.21,-12.2141,-112.97399999999999,-3.9780599999999997,-135.61700000000002,-26.6215
19,-28.5646,3,24.4531,15728640,-102.214,-4.71401,-144.16,-46.6597,-105.471,-7.97082,-102.101,-4.69423,-144.535,-47.1283,-105.41799999999999,-8.011389999999999
20,14.8536,3,44.0731,15728640,-91.4547,-4.65557,-95.6192,-8.82005,-102.62299999999999,-15.8234,-91.0099,-4.49643,-95.6945,-9.18094,-102.736,-16.2227
21,22.3531,3,100.0,0,-129.526,-15.7247,-118.801,-4.99938,-127.45200000000001,-13.651,-129.497,-15.7217,-118.76799999999999,-4.99224,-127.412,-13.6368
22,16.5959,3,47.67100000000001,15728640,-91.6962,-3.59554,-101.156,-13.0555,-106.889,-18.7882,-91.2945,-3.5376300000000005,-101.227,-13.4702,-107.007,-19.2501
23,-49.5549,3,100.0,7926352,-93.7619,-3.54966,-103.697,-13.4848,-109.055,-18.8429,-93.45299999999999,-3.5045800000000003,-103.81700000000001,-13.8684,-109.06200000000001,-19.1133
24,-12.2786,3,26.424,15728640,-91.1897,-3.52421,-189.33900000000003,-101.67299999999999,-100.221,-12.5554,-91.0655,-3.5125800000000003,-189.437,-101.884,-100.20200000000001,-12.649000000000001
25,-53.4657,3,100.0,12464384,-91.5137,-3.30085,-105.374,-17.1616,-107.137,-18.9245,-91.2362,-3.2790800000000004,-105.51,-17.5525,-107.118,-19.1604
26,20.8991,3,100.0,12368816,-91.5631,-4.49306,-106.21,-19.1397,-95.8595,-8.78945,-91.2684,-4.37486,-106.26299999999999,-19.3693,-95.9952,-9.10168
27,-40.6004,3,33.4301,15728640,-91.2,-14.7855,-79.9273,-3.51275,-93.1172,-16.7027,-91.0354,-14.4151,-80.1741,-3.5537,-93.0818,-16.4615
28,-28.0667,3,26.855,15728640,-95.2203,-3.20755,-175.30200000000002,-83.2894,-108.699,-16.6863,-95.1057,-7.29073,-137.41299999999998,-49.5984,-108.648,-20.8329
29,-2.0749299999999997,3,100.0,14384432,-91.5974,-5.3274300000000006,-96.4826,-10.2126,-95.8067,-9.53678,-91.2231,-5.137919999999999,-96.5854,-10.5003,-95.90299999999999,-9.81778
30,-37.7472,3,22.3811,15728640,-94.1018,-30.3411,-66.7796,-3.0188900000000003,-105.911,-42.1503,-93.99,-29.4682,-67.5426,-3.0208,-105.854,-41.3318
31,-7.400530000000001,3,100.0,12619320,-100.29700000000001,-3.1733700000000002,-115.334,-18.2107,-127.67,-30.5468,-100.26799999999999,-3.17352,-115.296,-18.2016,-127.634,-30.5402
33,-42.9097,3,33.5761,15728640,-91.1805,-13.0384,-81.9271,-3.785,-93.0961,-14.954,-91.0169,-12.6908,-82.1721,-3.84593,-93.0569,-14.7307
34,15.5802,3,100.0,15568896,-91.307,-5.0689400000000004,-99.1086,-12.8705,-94.8748,-8.63675,-91.0164,-4.92135,-99.1738,-13.0787,-95.0047,-8.90962
35,-6.838889999999999,3,43.1081,15728640,-91.5422,-3.6898,-102.31299999999999,-14.4606,-102.25299999999999,-14.4004,-91.2706,-3.6379,-102.43,-14.7969,-102.337,-14.7047
36,14.005999999999998,3,31.6861,15728640,-91.1894,-16.0159,-78.5235,-3.3500099999999997,-94.1782,-19.0047,-91.0308,-15.8428,-78.5438,-3.3558199999999996,-94.3332,-19.1452
37,-32.7851,3,100.0,0,-111.096,-7.732010000000001,-118.602,-15.2378,-108.723,-5.3582,-111.07799999999999,-7.72853,-118.574,-15.224,-108.711,-5.36112
38,51.886,3,75.9391,15728640,-91.5058,-5.257219999999999,-93.8642,-7.615660000000001,-101.691,-15.4423,-91.227,-5.10257,-94.0011,-7.87666,-101.67399999999999,-15.5498
39,18.105,3,100.0,10990320,-91.7984,-4.83293,-94.9593,-7.9939,-106.037,-19.0713,-91.4741,-4.70259,-95.0224,-8.25084,-106.165,-19.3931
40,25.5826,3,57.001999999999995,15728640,-96.5903,-3.8506099999999996,-103.962,-11.2225,-112.1,-19.3606,-96.3204,-3.7958199999999995,-103.999,-11.4749,-112.24700000000001,-19.7223
41,-40.986999999999995,3,100.0,14064424,-91.2791,-4.58873,-95.5621,-8.87177,-103.18,-16.4892,-91.0685,-4.48115,-95.7454,-9.15803,-103.163,-16.5755
42,29.3246,3,41.049,15728640,-91.5404,-4.42662,-100.795,-13.6808,-97.2904,-10.1767,-91.2532,-4.31996,-100.82700000000001,-13.8934,-97.4345,-10.5013
43,-10.4179,3,100.0,14477104,-91.3745,-4.67617,-95.7582,-9.05994,-101.273,-14.5747,-91.1618,-4.57383,-95.8905,-9.3025,-101.337,-14.7491
44,-24.345,3,100.0,0,-125.564,-12.5156,-129.077,-16.0291,-117.95200000000001,-4.90373,-125.535,-12.5131,-129.037,-16.0152,-117.919,-4.89741
45,-6.5522,3,36.398,15728640,-91.2144,-3.67889,-110.70700000000001,-23.1717,-99.324,-11.7885,-91.0076,-3.63941,-110.82700000000001,-23.4591,-99.399,-12.0308
46,-9.189110000000001,3,100.0,13315808,-91.1895,-3.12059,-175.986,-87.9172,-107.194,-19.1246,-91.0665,-3.11787,-176.054,-88.1057,-107.18,-19.2313
47,-47.8375,3,36.474000000000004,15728640,-91.3641,-5.1197,-99.8814,-13.637,-94.5162,-8.27181,-91.1771,-5.04341,-100.07799999999999,-13.9442,-94.4787,-8.3451
48,-51.5817,3,22.3711,15728640,-87.2113,-11.4733,-79.4176,-3.67959,-113.875,-38.1373,-87.0967,-11.2568,-79.5566,-3.7167199999999996,-113.815,-37.9751
49,-0.21704099999999998,3,100.0,0,-127.04899999999999,-13.9475,-126.37899999999999,-13.2777,-118.10700000000001,-5.00574,-127.07799999999999,-13.9472,-126.417,-13.2858,-118.145,-5.01368
50,-26.9985,3,36.421,15728640,-91.2949,-4.9461699999999995,-104.70200000000001,-18.3531,-94.1739,-7.82523,-91.0865,-4.86291,-104.87799999999999,-18.6546,-94.1883,-7.9646300000000005
51,-8.722480000000001,3,100.0,7442720,-97.4748,-3.65613,-106.415,-12.5965,-112.70700000000001,-18.8884,-97.0846,-3.59105,-106.52600000000001,-13.0329,-112.792,-19.2984
52,8.74868,3,45.1821,15728640,-92.9495,-4.25486,-98.7621,-10.0675,-104.59299999999999,-15.8983,-92.4956,-4.12568,-98.8473,-10.4774,-104.70100000000001,-16.3311
53,-36.8437,3,40.09,15728640,-91.4747,-5.88518,-100.039,-14.4497,-92.4509,-6.86143,-91.2387,-5.7607,-100.206,-14.7279,-92.45200000000001,-6.97395
54,-0.353493,3,100.0,14556744,-91.4598,-3.51151,-105.105,-17.1567,-102.515,-14.5671,-91.1174,-3.4654800000000003,-105.206,-17.554000000000002,-102.615,-14.9631
55,17.834,3,44.5131,15728640,-92.8975,-5.6963,-99.1976,-11.9964,-94.9704,-7.769189999999999,-92.4588,-5.4548,-99.2676,-12.2636,-95.0864,-8.082310000000001
56,-47.1817,3,100.0,12616424,-91.1687,-11.3889,-83.8607,-4.08095,-94.1518,-14.3721,-91.0255,-11.0581,-84.1362,-4.168769999999999,-94.1001,-14.1327
57,22.6116,3,36.785,15728640,-91.3912,-7.97261,-104.524,-21.1058,-88.1991,-4.78054,-91.1778,-7.72083,-104.553,-21.0956,-88.3639,-4.90693
58,-16.2025,3,100.0,14800008,-111.352,-3.96664,-124.61,-17.2245,-120.07,-12.6845,-111.323,-3.9661,-124.57,-17.2134,-120.036,-12.6787
60,-32.9566,3,22.3631,15728640,-86.5144,-6.5835,-85.5137,-5.58283,-104.26799999999999,-24.3375,-86.4033,-6.1938699999999995,-86.1337,-5.92432,-104.212,-24.003
61,29.0732,3,35.1791,15728640,-91.2381,-13.0008,-101.65100000000001,-23.4134,-81.7509,-3.5136,-91.04899999999999,-12.657,-101.65100000000001,-23.2586,-81.9477,-3.5557
62,-31.372,3,100.0,5432896,-118.16799999999999,-10.4787,-120.161,-12.4723,-112.557,-4.86808,-118.149,-10.4748,-120.133,-12.4587,-112.545,-4.87029
64,-21.1584,3,100.0,10324240,-93.4689,-4.70729,-96.9896,-8.228,-108.37,-19.6079,-93.2028,-4.58131,-97.1323,-8.510819999999999,-108.417,-19.7955
65,21.4765,3,38.563,15728640,-91.4698,-16.7143,-113.887,-39.1312,-77.9562,-3.20075,-91.238,-16.3455,-113.925,-39.0321,-78.1105,-3.2179599999999997
66,28.6331,3,29.779,15728640,-96.7216,-3.13349,-170.74,-77.1517,-112.484,-18.8963,-96.5948,-3.12163,-170.69799999999998,-77.2245,-112.831,-19.3578
67,-17.064,3,22.3671,15728640,-85.4038,-3.08827,-166.14,-83.8248,-102.863,-20.5473,-85.2943,-3.08718,-166.2,-83.993,-102.815,-20.6076
68,22.1874,3,29.855999999999998,15728640,-92.9866,-10.0268,-88.5387,-5.57885,-92.0358,-9.07601,-92.5589,-9.62526,-88.6008,-5.66717,-92.1546,-9.2209
69,15.2108,3,40.058,15728640,-91.4726,-7.1391100000000005,-109.87700000000001,-25.5439,-89.5076,-5.17408,-91.2061,-6.89848,-109.94,-25.6326,-89.6411,-5.33354
70,-42.2467,3,100.0,8016128,-98.2854,-5.76738,-99.8807,-7.3627,-105.48100000000001,-12.963,-97.9368,-5.56231,-100.00299999999999,-7.628480000000001,-105.50299999999999,-13.1285
71,6.21331,3,40.514,15728640,-91.3902,-4.874709999999999,-101.485,-14.9695,-94.9795,-8.46402,-91.1588,-4.75815,-101.56700000000001,-15.1661,-95.0976,-8.69698
72,-3.47833,3,100.0,11634680,-91.256,-5.3614,-95.02799999999999,-9.13343,-96.5126,-10.618,-91.0837,-5.2541,-95.1299,-9.300289999999999,-96.5836,-10.754000000000001
73,7.79214,3,33.9341,15728640,-91.1794,-12.6334,-82.9267,-4.3806400000000005,-89.4759,-10.9299,-91.007,-12.4214,-82.9806,-4.39497,-89.5985,-11.0129
74,-46.0763,3,22.4211,15728640,-94.4785,-23.9154,-73.6089,-3.04584,-121.20200000000001,-50.6387,-94.3659,-23.5033,-73.91199999999999,-3.0493900000000003,-121.14200000000001,-50.2797
75,-54.1275,3,100.0,9148464,-91.2634,-7.9763399999999995,-88.2357,-4.9486,-100.166,-16.8793,-91.0176,-7.7204,-88.3819,-5.08462,-100.13600000000001,-16.8389
76,-3.1657599999999997,3,100.0,0,-135.311,-24.4028,-116.771,-5.86302,-118.387,-7.47947,-135.34,-24.3988,-116.81,-5.868580000000001,-118.42299999999999,-7.48233
77,-14.87,3,31.3201,15728640,-91.1787,-3.15497,-175.736,-87.7123,-105.961,-17.937,-91.0544,-3.15171,-175.861,-87.9584,-105.93700000000001,-18.0339
78,-4.5423,3,100.0,10949776,-116.133,-10.7449,-109.383,-3.9946900000000003,-136.547,-31.1596,-116.161,-10.7379,-109.421,-3.99764,-136.582,-31.1588
79,0.24146199999999998,3,30.311,15728640,-91.1737,-9.21538,-86.4524,-4.4941,-98.0104,-16.0521,-91.0276,-9.05867,-86.5135,-4.54453,-98.0739,-16.1049
80,3.9010199999999995,3,39.061,15728640,-91.2659,-8.81674,-116.565,-34.1159,-86.7886,-4.33935,-91.0237,-8.55892,-116.655,-34.1902,-86.8999,-4.43508
81,25.0422,3,28.965999999999998,15728640,-91.1398,-4.26092,-185.86900000000003,-98.9906,-95.9153,-9.0364,-91.0036,-4.16426,-185.84099999999998,-99.0013,-96.1795,-9.34017
82,-34.293,3,100.0,6846144,-99.3887,-6.87978,-98.2668,-5.75785,-107.98,-15.4715,-99.0034,-6.592210000000001,-98.3895,-5.97837,-108.01899999999999,-15.6078
83,-41.0894,3,100.0,6780984,-97.5022,-3.42409,-108.824,-14.7461,-113.789,-19.711,-97.25299999999999,-3.39216,-108.98299999999999,-15.1224,-113.785,-19.9242
84,15.6418,3,100.0,0,-138.553,-20.97,-127.045,-9.462110000000001,-127.29299999999999,-9.7095,-138.524,-20.9577,-127.01100000000001,-9.44449,-127.25299999999999,-9.68671
86,11.6758,3,36.1811,15728640,-91.2603,-4.13239,-102.084,-14.9556,-98.0092,-10.8813,-91.0559,-4.0618,-102.141,-15.1466,-98.1468,-11.1527
87,-37.861999999999995,3,100.0,8844384,-115.06700000000001,-8.32653,-112.988,-6.24759,-117.04,-10.2999,-115.04799999999999,-8.33044,-112.956,-6.2384699999999995,-117.029,-10.3115
88,7.49016,3,44.3421,15728640,-94.6698,-10.1645,-88.5875,-4.082269999999999,-103.4,-18.8951,-94.2145,-9.73157,-88.6747,-4.19171,-103.507,-19.0241
89,-52.4637,3,100.0,10854208,-91.3521,-5.73827,-92.2456,-6.631760000000001,-103.62299999999999,-18.0087,-91.1675,-5.57722,-92.4301,-6.839739999999999,-103.57799999999999,-17.9875
90,12.1925,3,100.0,6757816,-109.105,-5.6655,-125.596,-22.1567,-110.17299999999999,-6.73373,-109.07600000000001,-5.669230000000001,-125.561,-22.1545,-110.134,-6.7274199999999995
91,11.1661,3,40.51,15728640,-91.5561,-5.85591,-106.015,-20.3144,-92.0675,-6.36735,-91.2751,-5.66685,-106.089,-20.4811,-92.1917,-6.5833699999999995
92,-45.6473,3,22.3801,15728640,-92.288,-32.1322,-63.1715,-3.0156400000000003,-118.439,-58.2833,-92.1747,-31.6848,-63.5061,-3.01622,-118.38,-57.89
93,19.4514,3,24.7981,15728640,-91.1201,-5.8487,-191.255,-105.984,-91.4742,-6.2028,-91.0047,-5.72696,-191.213,-105.935,-91.6166,-6.33889
94,-47.18899999999999,3,100.0,4594504,-91.2842,-5.39386,-109.662,-23.7714,-92.7353,-6.84495,-90.9603,-5.25519,-109.78399999999999,-24.0793,-92.745,-7.03987
95,3.8897699999999995,3,33.2371,15728640,-91.2519,-4.1434,-98.5033,-11.3948,-100.87200000000001,-13.7635,-91.0869,-4.08902,-98.5673,-11.5694,-100.97200000000001,-13.9742
96,-6.85532,3,40.352,15728640,-91.3044,-4.88085,-99.4476,-13.0241,-95.4582,-9.03464,-91.0281,-4.75491,-99.564,-13.2908,-95.5432,-9.269969999999999
97,-25.3486,3,100.0,15047616,-91.3465,-3.7288699999999997,-100.74799999999999,-13.1308,-103.25200000000001,-15.6342,-91.1725,-3.68405,-100.95200000000001,-13.4633,-103.25200000000001,-15.7637
98,13.7921,3,39.935,15728640,-91.2817,-5.06423,-105.539,-19.3213,-93.7504,-7.5329,-91.0195,-4.92145,-105.605,-19.5065,-93.8822,-7.784160000000001
99,-27.2303,3,43.3581,15728640,-91.6782,-6.832089999999999,-94.57,-9.72387,-92.1544,-7.308339999999999,-91.3352,-6.59158,-94.70100000000001,-9.95738,-92.2,-7.4564
100,27.2053,3,40.25,15728640,-91.4683,-9.44345,-111.916,-29.8913,-86.1681,-4.1432199999999995,-91.1943,-9.12234,-111.95,-29.8785,-86.3147,-4.24277
101,0.656393,3,22.3641,15728640,-72.3875,-3.2293,-196.46900000000002,-127.311,-85.2517,-16.0936,-72.2786,-3.22522,-196.44099999999997,-127.387,-85.2266,-16.1732
102,-40.3908,3,100.0,12516512,-117.415,-13.1698,-107.844,-3.5984599999999998,-130.224,-25.9785,-117.396,-13.1822,-107.81,-3.5960699999999997,-130.213,-25.9994
103,-28.0786,3,100.0,5438688,-120.96,-14.3304,-110.27600000000001,-3.64565,-126.935,-20.3051,-120.943,-14.3369,-110.249,-3.64361,-126.92299999999999,-20.317
104,1.59455,3,36.828,15728640,-91.3583,-8.031130000000001,-88.1291,-4.80197,-102.705,-19.378,-91.1594,-7.83505,-88.2191,-4.89473,-102.807,-19.4824
105,23.7994,3,100.0,13756000,-91.5708,-4.03123,-105.705,-18.1658,-98.0367,-10.4972,-91.2308,-3.93917,-105.758,-18.4661,-98.1668,-10.8751
106,-30.05,3,100.0,5393800,-117.178,-6.10348,-118.87700000000001,-7.8025,-126.586,-15.511,-117.16,-6.104019999999999,-118.85,-7.793839999999999,-126.573,-15.5174
107,-5.6875599999999995,3,100.0,5569008,-118.76799999999999,-7.31078,-118.584,-7.126510000000001,-124.125,-12.6674,-118.79,-7.310160000000001,-118.61399999999999,-7.13402,-124.15100000000001,-12.671
108,29.3344,3,100.0,8929816,-111.95700000000001,-4.38389,-226.12099999999998,-118.54799999999999,-117.221,-9.6478,-111.928,-4.3848400000000005,-226.08900000000003,-118.546,-117.18,-9.63712
109,-18.6464,3,41.6831,15728640,-91.4758,-5.64955,-103.196,-17.3694,-92.6216,-6.795319999999999,-91.1579,-5.4787099999999995,-103.325,-17.6457,-92.6827,-7.0035300000000005
110,12.940999999999999,3,31.5791,15728640,-91.194,-10.2009,-102.34899999999999,-21.3559,-85.0038,-4.0107099999999996,-91.037,-9.9576,-102.37100000000001,-21.2918,-85.152,-4.07252
111,-10.7992,3,52.6661,15728640,-91.4547,-3.8783300000000005,-99.1852,-11.6088,-104.304,-16.7281,-91.1687,-3.80896,-99.3081,-11.9484,-104.381,-17.0209
112,-32.7332,3,40.904,15728640,-91.4392,-6.78012,-108.632,-23.9725,-90.0963,-5.43724,-91.1532,-6.6020199999999996,-108.777,-24.2259,-90.1204,-5.56918
113,14.7427,3,43.1881,15728640,-91.4878,-4.12257,-106.90899999999999,-19.5442,-97.2978,-9.93259,-91.1344,-4.020919999999999,-106.98200000000001,-19.8682,-97.4187,-10.3052
114,-28.113000000000003,3,22.3831,15728640,-95.6789,-3.09497,-174.34099999999998,-81.7569,-113.14299999999999,-20.5586,-95.5684,-3.0937900000000003,-174.674,-82.1992,-113.088,-20.6138
115,3.5169699999999997,3,39.227,15728640,-91.2493,-5.89774,-94.5522,-9.200660000000001,-94.4729,-9.12134,-91.0071,-5.73463,-94.6431,-9.3707,-94.5832,-9.31076
116,-53.3512,3,100.0,0,-123.946,-18.9152,-108.47399999999999,-3.4426300000000003,-122.146,-17.1149,-123.925,-18.9424,-108.421,-3.43837,-122.141,-17.1589
117,-26.8054,3,100.0,14954944,-91.2801,-7.02623,-89.823,-5.56911,-100.43,-16.1758,-91.0663,-6.80474,-89.9954,-5.73386,-100.447,-16.1852
118,-20.6077,3,100.0,12058944,-91.501,-3.30205,-105.14200000000001,-16.9428,-107.428,-19.2292,-91.1653,-3.27494,-105.27,-17.3799,-107.48700000000001,-19.5966
119,-17.6168,3,100.0,5936800,-91.3635,-4.51595,-96.0632,-9.21567,-102.62700000000001,-15.7792,-91.0927,-4.40451,-96.1998,-9.511660000000001,-102.684,-15.995999999999999
120,28.1878,3,44.9851,15728640,-91.3925,-3.84286,-99.0146,-11.4649,-105.631,-18.0815,-91.0045,-3.76767,-99.0633,-11.8264,-105.755,-18.5186
121,-35.5583,3,100.0,5367736,-117.22399999999999,-4.77988,-128.0,-15.5554,-124.945,-12.5005,-117.206,-4.77665,-127.97,-15.5405,-124.93299999999999,-12.5044
122,6.62971,3,100.0,1455240,-127.53399999999999,-29.4586,-101.90700000000001,-3.8321400000000003,-108.936,-10.8605,-127.51700000000001,-29.4629,-101.88600000000001,-3.8321,-108.914,-10.8598
124,-58.7559,3,100.0,0,-123.14,-18.8276,-115.079,-10.7665,-108.398,-4.08627,-123.116,-18.8155,-115.009,-10.7087,-108.4,-4.09883
125,-33.2001,3,35.7431,15728640,-91.3845,-6.621569999999999,-110.512,-25.7491,-90.2992,-5.5362800000000005,-91.1854,-6.51201,-110.705,-26.0311,-90.2943,-5.6208800000000005
126,-7.316669999999999,3,100.0,14149856,-111.67200000000001,-8.97273,-112.486,-9.787,-108.559,-5.85935,-111.64299999999999,-8.97772,-112.448,-9.78267,-108.523,-5.85752
127,-9.1627,3,28.9,15728640,-97.99700000000001,-5.03724,-165.41099999999997,-72.4516,-100.27600000000001,-7.315869999999999,-97.8622,-13.1293,-129.512,-44.7786,-100.28299999999999,-15.5496
128,-43.3096,3,100.0,3249312,-96.2904,-5.9758,-96.7534,-6.43885,-107.34899999999999,-17.0348,-95.9473,-5.75587,-96.8755,-6.684089999999999,-107.369,-17.1778
129,27.5945,3,34.9351,15728640,-91.2442,-18.0106,-96.9067,-23.6731,-76.4222,-3.18866,-91.0575,-17.6422,-96.9089,-23.4936,-76.6183,-3.2029900000000002
130,-23.0471,3,100.0,10770224,-91.4691,-4.99566,-96.0536,-9.580119999999999,-97.8365,-11.363,-91.2304,-4.87218,-96.2077,-9.84953,-97.8723,-11.5141
131,-14.7206,3,100.0,11670880,-91.4226,-6.4731,-94.9636,-10.014,-92.5222,-7.57263,-91.1688,-6.28848,-95.0987,-10.2184,-92.584,-7.70368
132,-34.8253,3,100.0,2894552,-91.4385,-3.7177800000000003,-102.306,-14.5856,-101.69200000000001,-13.9713,-91.1534,-3.6651800000000003,-102.45200000000001,-14.9642,-101.711,-14.2231
133,-18.344,3,100.0,0,-115.726,-5.63698,-117.788,-7.699560000000001,-130.716,-20.6267,-115.697,-5.63793,-117.749,-7.689710000000001,-130.68200000000002,-20.6229
134,29.8111,3,40.221,15728640,-91.3288,-12.5434,-82.514,-3.72862,-95.6677,-16.8823,-91.0553,-12.2717,-82.542,-3.75843,-95.8161,-17.0325
135,23.5183,3,100.0,12619320,-104.99,-4.4907699999999995,-109.195,-8.69582,-124.38799999999999,-23.889,-104.961,-4.49161,-109.162,-8.69275,-124.348,-23.8785
137,19.1798,3,42.4611,15728640,-91.3602,-4.59911,-95.6664,-8.9053,-102.912,-16.1508,-91.0301,-4.47994,-95.7276,-9.17747,-103.04,-16.4897
138,-31.2346,3,100.0,10655832,-91.38600000000001,-5.86648,-92.0674,-6.5479,-102.65700000000001,-17.137,-91.0948,-5.66669,-92.2111,-6.782939999999999,-102.685,-17.2569
139,-34.5338,3,100.0,5441584,-128.67600000000002,-22.3948,-109.59,-3.30931,-127.61200000000001,-21.3311,-128.657,-22.4044,-109.56,-3.3077300000000003,-127.6,-21.3475
140,1.7511900000000002,3,38.994,15728640,-91.2517,-3.90045,-108.01899999999999,-20.6678,-98.1183,-10.767000000000001,-91.0132,-3.83894,-108.115,-20.9404,-98.2238,-11.0495
141,-40.8354,3,100.0,3324608,-93.1322,-3.52354,-103.20299999999999,-13.594000000000001,-108.976,-19.367,-92.8614,-3.4819199999999997,-103.353,-13.9731,-108.978,-19.5988
142,-8.63141,3,100.0,14346784,-91.3676,-3.32511,-115.443,-27.4008,-102.88,-14.8377,-91.0335,-3.2971,-115.55799999999999,-27.8217,-102.964,-15.2276
143,3.8420699999999997,3,100.0,14283072,-94.86200000000001,-5.05832,-97.3255,-7.521780000000001,-109.56200000000001,-19.7582,-94.6306,-4.94032,-97.4143,-7.72398,-109.67299999999999,-19.983
144,29.5353,3,40.937,15728640,-99.811,-10.8048,-92.9239,-3.9177699999999995,-108.66799999999999,-19.6617,-99.5754,-10.5912,-92.9421,-3.95793,-108.831,-19.8472
145,-13.17,3,100.0,5477784,-113.226,-10.3032,-107.314,-4.3910800000000005,-117.65700000000001,-14.7341,-113.197,-10.3104,-107.275,-4.38816,-117.62200000000001,-14.7356
146,-8.79541,3,100.0,12348544,-91.4165,-7.8799,-98.6489,-15.1123,-88.6778,-5.14118,-91.145,-7.643860000000001,-98.7696,-15.2685,-88.7575,-5.2563699999999995
147,17.456,3,44.3631,15728640,-91.5173,-3.4655400000000003,-103.288,-15.2364,-105.154,-17.1024,-91.1504,-3.4223199999999996,-103.35600000000001,-15.6276,-105.27600000000001,-17.5481
148,-16.0004,3,100.0,0,-115.802,-6.23945,-127.09200000000001,-17.5295,-116.514,-6.952139999999999,-115.773,-6.23946,-127.052,-17.5189,-116.48,-6.9469
149,-29.3738,3,100.0,73848,-91.2841,-4.71852,-94.9099,-8.34432,-104.54899999999999,-17.9836,-90.8795,-4.5564800000000005,-95.0317,-8.708689999999999,-104.598,-18.2746
150,-52.5752,3,100.0,1836064,-109.98200000000001,-15.2149,-98.1375,-3.37008,-115.611,-20.844,-109.961,-15.2421,-98.0862,-3.3673900000000003,-115.60600000000001,-20.8873
151,1.37962,3,100.0,12381848,-91.5373,-3.90306,-98.5458,-10.9116,-107.009,-19.3744,-91.3249,-3.84764,-98.6395,-11.1623,-107.11200000000001,-19.6343
152,-46.0218,3,22.3971,15728640,-98.9615,-19.1206,-82.9615,-3.1206,-115.976,-36.135,-98.8481,-18.7014,-83.2786,-3.1318900000000003,-115.917,-35.7699
153,-26.112,3,100.0,758752,-91.4238,-9.66517,-100.917,-19.1586,-85.9637,-4.20512,-91.0455,-9.33013,-101.04299999999999,-19.3272,-86.0153,-4.29996
154,-40.7286,3,100.0,1476960,-91.6402,-8.9225,-102.316,-19.5986,-87.1456,-4.42783,-91.3165,-8.67003,-102.449,-19.803,-87.1614,-4.51498
155,-42.5057,3,38.597,15728640,-91.3858,-8.58445,-88.0569,-5.2555,-94.7954,-11.9941,-91.1642,-8.32599,-88.2308,-5.39264,-94.7795,-11.9413
156,-2.31725,3,40.727,15728640,-91.3596,-7.52853,-90.1499,-6.3188699999999995,-94.2994,-10.4683,-91.0731,-7.28044,-90.2562,-6.46357,-94.3955,-10.6029
157,-22.4489,3,22.3551,15728640,-81.6656,-5.0209,-177.87900000000002,-101.235,-83.9667,-7.322010000000001,-81.5557,-4.9993300000000005,-178.024,-101.46700000000001,-83.9153,-7.35889
158,-25.6446,3,100.0,5332984,-122.76100000000001,-13.28,-114.383,-4.901669999999999,-120.064,-10.5825,-122.73200000000001,-13.2855,-114.34200000000001,-4.89581,-120.031,-10.5845
159,-4.6031,3,44.5481,15728640,-93.6987,-6.38109,-99.5981,-12.2806,-94.0865,-6.7689699999999995,-93.2412,-6.092219999999999,-99.7016,-12.5526,-94.1779,-7.0289600000000005
160,8.444289999999999,3,100.0,11886632,-116.821,-12.5405,-175.36599999999999,-71.0857,-107.93,-3.6494699999999995,-116.676,-32.6749,-92.1399,-8.13912,-108.04,-24.0392
161,-12.4885,3,100.0,8084184,-91.5714,-4.01306,-101.40299999999999,-13.8443,-99.6687,-12.1103,-91.1836,-3.9182699999999997,-101.51799999999999,-14.2528,-99.7466,-12.4812
162,57.0523,3,94.3581,15728640,-91.4073,-9.23468,-100.76100000000001,-18.5882,-86.5283,-4.35572,-91.148,-9.05787,-100.897,-18.8068,-86.4968,-4.40665
163,-33.3015,3,100.0,12587464,-114.27600000000001,-3.75789,-129.843,-19.3251,-129.07399999999998,-18.5556,-114.258,-3.75601,-129.814,-19.3127,-129.062,-18.5602
164,-16.7158,3,100.0,0,-105.729,-3.33923,-117.95200000000001,-15.5627,-135.687,-33.2973,-105.7,-3.33935,-117.913,-15.5522,-135.653,-33.2923
165,-25.0988,3,29.546999999999997,15728640,-95.4091,-3.1615900000000003,-178.54,-86.29299999999999,-110.12,-17.8723,-95.2923,-3.1591400000000003,-178.813,-86.6803,-110.073,-17.9397
166,-32.9666,3,100.0,3931320,-91.5916,-3.5033,-109.236,-21.1479,-101.493,-13.4049,-91.2557,-3.4638,-109.369,-21.5774,-101.52600000000001,-13.7343
167,8.38602,3,30.006999999999998,15728640,-91.2866,-4.1262099999999995,-200.794,-113.634,-96.6282,-9.46778,-91.1443,-4.07111,-200.815,-113.741,-96.7348,-9.66156
168,-8.77476,3,100.0,9008008,-113.87100000000001,-7.74413,-121.822,-15.6949,-111.571,-5.4439400000000004,-113.84200000000001,-7.747269999999999,-121.78399999999999,-15.6884,-111.536,-5.44051
169,-6.5461599999999995,3,100.0,13777720,-96.0476,-7.3871899999999995,-93.8016,-5.14115,-108.25399999999999,-19.5939,-95.7199,-7.11379,-93.9136,-5.3075,-108.34200000000001,-19.7361
170,-5.58573,3,43.6451,15728640,-91.3828,-9.890889999999999,-89.5496,-8.05771,-87.6726,-6.18069,-91.0092,-9.52092,-89.6577,-8.169410000000001,-87.7628,-6.27454
171,-9.25762,3,22.3681,15728640,-89.9181,-3.50063,-185.578,-99.1609,-99.1606,-12.7431,-89.809,-3.49341,-185.581,-99.2657,-99.1195,-12.8039
172,-45.4788,3,100.0,4330968,-91.4844,-5.554930000000001,-95.501,-9.571539999999999,-95.4716,-9.542119999999999,-91.2385,-5.41749,-95.6586,-9.837539999999999,-95.4575,-9.63641
173,-11.0123,3,32.3291,15728640,-91.2724,-8.69164,-87.1616,-4.58093,-100.412,-17.8314,-91.1123,-8.48038,-87.2986,-4.66673,-100.444,-17.812
174,10.2896,3,35.4911,15728640,-91.3895,-15.844000000000001,-90.1625,-14.6171,-79.1168,-3.5713800000000004,-91.1954,-15.5388,-90.2199,-14.5633,-79.251,-3.59444
175,23.1969,3,38.961,15728640,-91.2876,-7.752439999999999,-88.9734,-5.438280000000001,-96.8876,-13.3524,-91.0488,-7.561610000000001,-89.0088,-5.52161,-97.0419,-13.5547
176,9.2157,3,43.7511,15728640,-92.5924,-5.97487,-92.8871,-6.26957,-106.191,-19.5732,-92.33,-5.80903,-92.9648,-6.4438699999999995,-106.31299999999999,-19.7923
177,6.03581,3,44.1071,15728640,-91.4641,-5.59419,-96.4077,-10.5377,-94.5471,-8.6772,-91.0726,-5.38049,-96.4971,-10.805,-94.6549,-8.9628
178,10.3466,3,40.625,15728640,-91.3882,-5.33927,-94.2273,-8.17835,-98.6299,-12.581,-91.1073,-5.18956,-94.3042,-8.38647,-98.7526,-12.8349
179,-33.81,3,100.0,8731440,-94.2406,-3.54825,-103.994,-13.3018,-110.30799999999999,-19.6157,-94.039,-3.5085699999999997,-104.185,-13.6543,-110.303,-19.7725
180,-28.0714,3,100.0,15204000,-96.0939,-3.26286,-169.22099999999998,-76.3898,-108.463,-15.6325,-95.98100000000001,-3.25937,-169.575,-76.85300000000001,-108.411,-15.6895
181,-56.8358,3,100.0,5897704,-91.2892,-4.88506,-106.85,-20.4454,-94.2018,-7.797619999999999,-91.0721,-4.8212,-107.00200000000001,-20.7509,-94.1595,-7.9086
182,-8.36979,3,35.3411,15728640,-91.197,-5.18237,-96.29799999999999,-10.2834,-95.8912,-9.876610000000001,-91.0077,-5.0736099999999995,-96.4249,-10.4908,-95.95299999999999,-10.0189
183,-35.1204,3,100.0,11447888,-91.2294,-10.2374,-96.6427,-15.6507,-85.2167,-4.22476,-91.0275,-10.0704,-96.8339,-15.8768,-85.2088,-4.25162
184,-32.7211,3,100.0,12610632,-91.522,-4.94006,-94.4665,-7.884539999999999,-104.445,-17.8629,-91.236,-4.79399,-94.61200000000001,-8.16998,-104.469,-18.0269
185,-27.3975,3,100.0,10802080,-133.33,-31.5053,-104.92299999999999,-3.09823,-128.613,-26.7889,-133.312,-31.5131,-104.897,-3.0977900000000003,-128.601,-26.802
186,-1.33912,3,36.946999999999996,15728640,-91.2497,-4.73201,-99.8734,-13.3558,-95.8272,-9.30955,-91.0343,-4.63235,-99.9765,-13.5745,-95.9215,-9.51957
187,17.8426,3,36.0661,15728640,-91.2692,-3.47096,-107.289,-19.4907,-101.912,-14.1141,-91.0671,-3.4386900000000002,-107.32600000000001,-19.6976,-102.07,-14.4419
188,28.8218,3,100.0,12445560,-113.2,-5.60254,-214.886,-107.289,-114.64299999999999,-7.04528,-113.171,-5.60555,-214.854,-107.289,-114.602,-7.03667
190,-28.0682,3,100.0,9509016,-91.8574,-6.55647,-95.8983,-10.5973,-92.4759,-7.174989999999999,-91.4481,-6.2941199999999995,-96.0197,-10.8656,-92.5269,-7.37287
191,2.04557,3,100.0,9012352,-110.9,-8.925419999999999,-107.235,-5.26013,-113.73899999999999,-11.7646,-110.929,-8.92025,-107.271,-5.26233,-113.77799999999999,-11.7686
192,3.43143,3,38.391999999999996,15728640,-102.69200000000001,-7.474589999999999,-160.149,-64.9312,-105.574,-10.3566,-102.54799999999999,-19.7579,-85.9407,-3.1501099999999997,-105.65100000000001,-22.8602
193,-55.4106,3,100.0,8479488,-96.7645,-3.9315,-103.62100000000001,-10.7877,-112.335,-19.5017,-96.4938,-3.8605099999999997,-103.755,-11.1221,-112.309,-19.6761
194,-13.7866,3,100.0,10586328,-92.1459,-8.94235,-87.7124,-4.50891,-100.609,-17.4051,-91.6991,-8.53395,-87.8252,-4.660019999999999,-100.686,-17.5205
195,23.2874,3,100.0,9002216,-112.292,-5.5434,-116.156,-9.407739999999999,-117.51,-10.7615,-112.26299999999999,-5.5449,-116.12299999999999,-9.40528,-117.47,-10.7517
196,-2.38573,3,100.0,15040376,-91.1673,-3.3363699999999996,-191.417,-103.586,-102.28299999999999,-14.4519,-91.0552,-3.32991,-191.408,-103.682,-102.26100000000001,-14.5353
197,19.1377,3,100.0,13999264,-110.962,-4.71414,-121.697,-15.4492,-115.68799999999999,-9.44048,-110.93299999999999,-4.715730000000001,-121.663,-15.4461,-115.648,-9.431189999999999
198,-33.1833,3,100.0,13582240,-91.2245,-4.6274,-99.8537,-13.2566,-96.2643,-9.66721,-91.0127,-4.54624,-100.035,-13.5687,-96.265,-9.79856
199,14.2001,3,100.0,9297608,-91.75299999999999,-4.2505,-109.861,-22.3588,-96.7811,-9.27856,-91.3285,-4.12321,-109.93700000000001,-22.7319,-96.8956,-9.69029
200,16.5745,3,35.7651,15728640,-91.3808,-4.42465,-97.3159,-10.3597,-100.266,-13.3093,-91.1839,-4.35009,-97.3543,-10.5206,-100.42200000000001,-13.5878
