nRun,angle,targetCellId,downloadTime,rxBytes,rsrp1,rsrq1,rsrp2,rsrq2,rsrp3,rsrq3,previousrsrp1,previousrsrq1,previousrsrp2,previousrsrq2,previousrsrp3,previousrsrq3
1,-59.5059,1,100.0,10086768,-111.41799999999999,-14.6767,-100.21799999999999,-3.47664,-115.098,-18.3565,-111.39399999999999,-14.7191,-100.146,-3.4708900000000003,-115.1,-18.4252
2,-43.5576,1,100.0,14333752,-99.2476,-3.50662,-109.40100000000001,-13.6605,-116.117,-20.3763,-99.2281,-3.50788,-109.365,-13.6443,-116.10799999999999,-20.3875
3,-50.6608,1,100.0,13698080,-121.385,-24.6174,-117.571,-20.8038,-99.9014,-3.1337900000000003,-121.36399999999999,-24.6039,-117.524,-20.7638,-99.8948,-3.1345400000000003
4,-12.9374,1,100.0,14436560,-128.592,-24.4338,-116.652,-12.4938,-107.846,-3.68834,-128.563,-24.4392,-116.613,-12.489,-107.81200000000001,-3.68793
5,-20.8164,1,100.0,12810456,-119.807,-17.3387,-105.859,-3.3904400000000003,-120.685,-18.2173,-119.77799999999999,-17.3485,-105.819,-3.3891699999999996,-120.652,-18.2227
6,-34.1306,1,100.0,11075752,-126.456,-16.4635,-113.786,-3.79325,-129.004,-19.0117,-126.43799999999999,-16.4708,-113.756,-3.78954,-128.99200000000002,-19.0257
7,28.7827,1,100.0,1678232,-124.81700000000001,-10.3157,-217.67,-103.169,-120.135,-5.63371,-124.788,-10.3143,-217.638,-103.165,-120.094,-5.62069
8,29.8063,1,34.5431,15728640,-116.31700000000001,-32.2621,-205.524,-121.469,-87.0716,-3.01651,-116.24,-32.4699,-205.458,-121.68700000000001,-86.7864,-3.0162
9,-32.8272,1,100.0,8425912,-132.77,-29.276999999999997,-106.645,-3.15137,-127.264,-23.771,-132.752,-29.2866,-106.616,-3.1506,-127.25200000000001,-23.787
10,-4.90765,1,100.0,5295336,-137.891,-22.2567,-123.351,-7.7171899999999996,-123.835,-8.20096,-137.91899999999998,-22.2615,-123.39,-7.732010000000001,-123.87,-8.2117
11,15.2707,1,23.0191,15728640,-104.96,-15.2143,-202.755,-113.009,-93.0297,-3.28409,-104.854,-15.1005,-202.704,-112.95100000000001,-93.0446,-3.2915
12,-17.3718,1,100.0,5343120,-123.90899999999999,-7.616739999999999,-126.889,-10.5967,-130.526,-14.2333,-123.88,-7.607289999999999,-126.84899999999999,-10.5765,-130.49200000000002,-14.2189
13,10.7748,1,22.5611,15728640,-103.964,-17.9965,-190.94299999999998,-104.975,-89.1199,-3.15199,-103.85600000000001,-17.886,-190.899,-104.929,-89.1257,-3.1556599999999997
14,-50.2596,1,22.3381,15728640,-95.3207,-13.8676,-84.8918,-3.4386699999999997,-103.78399999999999,-22.3304,-95.2064,-13.6102,-85.0616,-3.46549,-103.723,-22.1273
15,-42.3237,1,100.0,13799440,-125.911,-14.6886,-126.03200000000001,-14.8101,-115.538,-4.316330000000001,-125.891,-14.6804,-125.99700000000001,-14.7855,-115.52799999999999,-4.31741
16,-6.22907,1,22.3321,15728640,-97.3827,-3.36478,-177.102,-83.0844,-108.221,-14.2029,-97.2737,-3.35912,-177.093,-83.1783,-108.184,-14.2689
17,23.2071,1,22.3311,15728640,-101.54299999999999,-10.021,-202.328,-110.806,-95.5036,-3.9816,-101.43299999999999,-9.805060000000001,-202.27700000000002,-110.649,-95.6652,-4.0372699999999995
18,-15.3347,1,100.0,1836064,-121.23899999999999,-12.2079,-113.01299999999999,-3.9823199999999996,-135.651,-26.6207,-121.21,-12.2141,-112.97399999999999,-3.9780599999999997,-135.61700000000002,-26.6215
19,-28.5646,1,100.0,12646832,-122.667,-30.9607,-94.7342,-3.02785,-124.61399999999999,-32.908,-122.649,-30.9693,-94.7075,-3.02778,-124.602,-32.9222
20,14.8536,1,100.0,7806168,-134.054,-23.9717,-114.695,-4.61231,-120.001,-9.91842,-134.025,-23.9748,-114.66,-4.60995,-119.961,-9.91112
21,22.3531,1,100.0,0,-129.526,-15.7247,-118.801,-4.99938,-127.45200000000001,-13.651,-129.497,-15.7217,-118.76799999999999,-4.99224,-127.412,-13.6368
22,16.5959,1,100.0,11694048,-132.629,-18.0312,-120.635,-6.0366800000000005,-124.666,-10.068,-132.6,-18.028,-120.601,-6.02827,-124.626,-10.0541
23,-49.5549,1,100.0,8760400,-130.74,-22.0294,-112.751,-4.04068,-120.64299999999999,-11.9322,-130.719,-22.0458,-112.706,-4.03233,-120.635,-11.9619
24,-12.2786,1,22.3301,15728640,-93.16,-3.70718,-188.33,-98.8767,-100.77799999999999,-11.325,-93.0508,-3.6975599999999997,-188.34900000000002,-98.9959,-100.734,-11.3804
25,-53.4657,1,100.0,14345336,-121.654,-12.8506,-115.016,-6.212999999999999,-116.42399999999999,-7.620760000000001,-121.632,-12.8584,-114.963,-6.1891,-116.419,-7.645510000000001
26,20.8991,1,25.5411,15728640,-108.758,-32.3737,-197.005,-120.62100000000001,-79.3999,-3.01551,-108.66,-32.345,-196.94400000000002,-120.62899999999999,-79.3301,-3.01554
27,-40.6004,1,100.0,12875616,-114.899,-15.8777,-103.587,-4.5664,-108.195,-9.17402,-114.88,-15.8859,-103.553,-4.55968,-108.185,-9.19088
28,-28.0667,1,100.0,9116608,-115.991,-4.39962,-124.912,-13.3201,-128.187,-16.5952,-115.973,-4.39772,-124.885,-13.3097,-128.174,-16.5988
29,-2.0749299999999997,1,100.0,10923712,-130.75,-22.301,-115.066,-6.61705,-114.59299999999999,-6.14385,-130.779,-22.2954,-115.104,-6.62058,-114.62899999999999,-6.14559
30,-37.7472,1,22.3301,15728640,-94.1018,-30.3411,-66.7796,-3.0188900000000003,-105.911,-42.1503,-93.99,-29.4682,-67.5426,-3.0208,-105.854,-41.3318
31,-7.400530000000001,1,100.0,14045600,-100.29700000000001,-3.1733700000000002,-115.334,-18.2107,-127.67,-30.5468,-100.26799999999999,-3.17352,-115.296,-18.2016,-127.634,-30.5402
32,-24.9582,1,100.0,5040488,-144.083,-38.7187,-120.446,-15.0813,-108.80799999999999,-3.4436699999999996,-144.054,-38.7218,-120.406,-15.0729,-108.77600000000001,-3.44309
33,-42.9097,1,22.3351,15728640,-97.1027,-34.3446,-65.7764,-3.01831,-95.3372,-32.5791,-96.9899,-33.7459,-66.2635,-3.01943,-95.2785,-32.0345
34,15.5802,1,24.6681,15728640,-107.77799999999999,-28.4276,-188.6,-109.25,-82.3735,-3.02315,-107.677,-28.3666,-188.542,-109.23100000000001,-82.3339,-3.02332
35,-6.838889999999999,1,100.0,9884048,-125.859,-11.376,-122.738,-8.25416,-122.885,-8.40137,-125.836,-11.3737,-122.70700000000001,-8.24446,-122.85600000000001,-8.39325
36,14.005999999999998,1,22.3321,15728640,-96.9263,-11.5372,-169.174,-83.7851,-89.05799999999999,-3.6689199999999995,-96.81700000000001,-11.4164,-169.128,-83.7278,-89.0896,-3.6889999999999996
37,-32.7851,1,100.0,0,-111.096,-7.732010000000001,-118.602,-15.2378,-108.723,-5.3582,-111.07799999999999,-7.72853,-118.574,-15.224,-108.711,-5.36112
38,-51.886,1,100.0,1836064,-122.1,-21.6258,-104.28200000000001,-3.8079199999999997,-111.91799999999999,-11.4435,-122.079,-21.6472,-104.23200000000001,-3.8007199999999997,-111.912,-11.4802
39,18.105,1,100.0,11924280,-129.18,-18.1481,-115.18299999999999,-4.15164,-125.00200000000001,-13.9706,-129.151,-18.1493,-115.15,-4.1479,-124.963,-13.960999999999999
40,25.5826,1,100.0,5398144,-131.185,-13.8929,-124.895,-7.603689999999999,-132.334,-15.0422,-131.155,-13.8801,-124.863,-7.58731,-132.293,-15.0179
41,-40.986999999999995,1,22.3321,15728640,-101.414,-31.4494,-72.9829,-3.01875,-105.995,-36.0309,-101.301,-30.7279,-73.5935,-3.0202400000000003,-105.93700000000001,-35.3636
42,29.3246,1,100.0,13331736,-127.331,-14.6464,-211.665,-98.9795,-116.914,-4.22885,-127.302,-14.6501,-211.632,-98.9802,-116.87299999999999,-4.2209
43,-10.4179,1,100.0,5338776,-121.919,-9.87301,-118.2,-6.15394,-123.09100000000001,-11.0448,-121.89,-9.874360000000001,-118.161,-6.1455,-123.055,-11.0399
44,-24.345,1,100.0,0,-125.564,-12.5156,-129.077,-16.0291,-117.95200000000001,-4.90373,-125.535,-12.5131,-129.037,-16.0152,-117.919,-4.89741
45,-6.5522,1,22.3421,15728640,-101.06,-8.01552,-195.343,-102.29899999999999,-97.7156,-4.67095,-100.95100000000001,-7.9668399999999995,-195.335,-102.351,-97.6779,-4.6935
46,-9.189110000000001,1,22.3321,15728640,-93.0344,-3.1617900000000003,-175.43099999999998,-85.5584,-107.65100000000001,-17.7781,-92.9254,-3.15944,-175.43400000000003,-85.6678,-107.61,-17.8438
47,-47.8375,1,100.0,14345336,-115.258,-12.9694,-117.831,-15.5424,-106.12299999999999,-3.83437,-115.23700000000001,-12.9602,-117.788,-15.511,-106.115,-3.8374099999999998
48,-51.5817,1,22.3321,15728640,-87.2113,-11.4733,-79.4176,-3.67959,-113.875,-38.1373,-87.0967,-11.2568,-79.5566,-3.7167199999999996,-113.815,-37.9751
49,-0.21704099999999998,1,100.0,0,-127.04899999999999,-13.9475,-126.37899999999999,-13.2777,-118.10700000000001,-5.00574,-127.07799999999999,-13.9472,-126.417,-13.2858,-118.145,-5.01368
50,-26.9985,1,22.3421,15728640,-101.257,-9.59109,-177.15400000000002,-85.4873,-95.762,-4.0957,-101.147,-9.54684,-177.437,-85.8369,-95.7084,-4.10815
51,-8.722480000000001,1,100.0,6046848,-137.585,-20.1047,-124.729,-7.24867,-131.887,-14.4061,-137.556,-20.0934,-124.691,-7.22784,-131.851,-14.3882
52,8.74868,1,100.0,6359616,-135.553,-23.1929,-117.434,-5.07381,-122.24700000000001,-9.88695,-135.524,-23.1942,-117.398,-5.06858,-122.208,-9.878730000000001
53,-36.8437,1,22.4541,15728640,-103.649,-33.2934,-73.4,-3.04406,-95.0517,-24.6957,-103.538,-32.3923,-74.1976,-3.05143,-94.9942,-23.8481
54,-0.353493,1,29.589000000000002,15728640,-112.617,-17.1124,-191.043,-95.5383,-98.7023,-3.1978,-112.53,-17.1148,-190.952,-95.5366,-98.6129,-3.1974
55,17.834,1,100.0,8072600,-135.494,-27.4817,-118.475,-10.4622,-112.234,-4.22168,-135.465,-27.489,-118.441,-10.4646,-112.194,-4.21821
56,-47.1817,1,100.0,12406464,-110.84299999999999,-11.2677,-108.492,-8.91619,-104.912,-5.33624,-110.823,-11.2662,-108.45,-8.89322,-104.904,-5.346480000000001
57,22.6116,1,22.3401,15728640,-101.735,-30.846,-195.548,-124.66,-73.906,-3.0175099999999997,-101.625,-30.5888,-195.497,-124.461,-74.0538,-3.0179400000000003
58,-16.2025,1,100.0,12645384,-111.352,-3.96664,-124.61,-17.2245,-120.07,-12.6845,-111.323,-3.9661,-124.57,-17.2134,-120.036,-12.6787
59,-47.5577,1,100.0,9081856,-114.85,-15.2579,-110.162,-10.57,-103.815,-4.223,-114.83,-15.2524,-110.12,-10.5427,-103.807,-4.22962
60,-32.9566,1,22.3571,15728640,-86.5144,-6.5835,-85.5137,-5.58283,-104.26799999999999,-24.3375,-86.4033,-6.1938699999999995,-86.1337,-5.92432,-104.212,-24.003
61,29.0732,1,100.0,11859120,-120.11,-16.9536,-213.003,-109.846,-106.435,-3.2788199999999996,-120.081,-16.964000000000002,-212.97099999999998,-109.854,-106.39399999999999,-3.27756
62,-31.372,1,100.0,7972688,-118.16799999999999,-10.4787,-120.161,-12.4723,-112.557,-4.86808,-118.149,-10.4748,-120.133,-12.4587,-112.545,-4.87029
63,19.0308,1,100.0,9821784,-127.155,-20.0689,-117.053,-9.96691,-111.461,-4.3753400000000005,-127.126,-20.0764,-117.01899999999999,-9.96969,-111.421,-4.37196
64,-21.1584,1,100.0,5456064,-127.704,-14.8338,-117.399,-4.529059999999999,-129.283,-16.4125,-127.675,-14.8366,-117.359,-4.5206800000000005,-129.249,-16.4109
65,21.4765,1,22.3381,15728640,-103.12899999999999,-42.5939,-204.555,-144.02,-63.5461,-3.01078,-103.01899999999999,-42.3599,-204.50400000000002,-143.845,-63.6702,-3.0108099999999998
66,28.6331,1,100.0,12606288,-119.304,-4.48843,-191.19400000000002,-76.3789,-147.954,-33.1383,-119.275,-4.48008,-191.162,-76.3675,-147.91299999999998,-33.1184
67,-17.064,1,22.3251,15728640,-85.4038,-3.08827,-166.14,-83.8248,-102.863,-20.5473,-85.2943,-3.08718,-166.2,-83.993,-102.815,-20.6076
68,22.1874,1,100.0,7179184,-135.578,-33.0729,-108.113,-5.6075,-109.15899999999999,-6.65318,-135.549,-33.0796,-108.08,-5.60998,-109.118,-6.648630000000001
69,15.2108,1,100.0,11091680,-125.611,-18.999000000000002,-130.71200000000002,-24.1007,-109.96700000000001,-3.35566,-125.58200000000001,-19.0075,-130.678,-24.1038,-109.928,-3.35365
70,-42.2467,1,100.0,5430000,-137.369,-29.3116,-111.94,-3.8826400000000003,-120.314,-12.2558,-137.35,-29.3226,-111.905,-3.87742,-120.304,-12.2761
71,6.21331,1,22.3631,15728640,-102.973,-17.3568,-189.172,-103.556,-88.7902,-3.1745099999999997,-102.86399999999999,-17.261,-189.13400000000001,-103.53200000000001,-88.7808,-3.1782
72,-3.47833,1,22.3301,15728640,-98.2864,-7.727530000000001,-182.322,-91.7628,-95.3644,-4.80556,-98.1775,-7.67745,-182.304,-91.8035,-95.3312,-4.83124
73,7.79214,1,22.3311,15728640,-98.21600000000001,-15.9493,-172.52200000000002,-90.2547,-85.5044,-3.23759,-98.10700000000001,-15.8491,-172.482,-90.2243,-85.5009,-3.24302
74,-46.0763,1,22.3381,15728640,-94.3659,-23.5033,-73.91199999999999,-3.0493900000000003,-121.14200000000001,-50.2797,-94.2525,-23.0794,-74.2266,-3.05342,-121.083,-49.9098
75,-54.1275,1,22.8361,15728640,-104.721,-33.461999999999996,-74.2776,-3.0185400000000002,-104.354,-33.0954,-104.60799999999999,-33.2842,-74.3428,-3.01883,-104.294,-32.9695
76,-3.1657599999999997,1,100.0,0,-135.311,-24.4028,-116.771,-5.86302,-118.387,-7.47947,-135.34,-24.3988,-116.81,-5.868580000000001,-118.42299999999999,-7.48233
77,-14.87,1,22.3311,15728640,-93.1517,-3.20728,-174.313,-84.3684,-106.579,-16.6348,-93.0423,-3.20447,-174.351,-84.5135,-106.53299999999999,-16.6949
78,-4.5423,1,100.0,10975840,-116.133,-10.7449,-109.383,-3.9946900000000003,-136.547,-31.1596,-116.161,-10.7379,-109.421,-3.99764,-136.582,-31.1588
79,0.24146199999999998,1,100.0,12639592,-115.719,-9.34988,-111.054,-4.6853,-122.696,-16.3265,-115.74799999999999,-9.34511,-111.09200000000001,-4.68875,-122.73299999999999,-16.3302
80,3.9010199999999995,1,100.0,5441584,-123.66,-19.0475,-137.626,-33.0135,-107.86,-3.24836,-123.68799999999999,-19.0391,-137.661,-33.0115,-107.899,-3.24967
81,25.0422,1,100.0,12665656,-114.838,-5.5448900000000005,-117.084,-7.791589999999999,-127.68700000000001,-18.3944,-114.809,-5.54409,-117.052,-7.78715,-127.647,-18.3822
82,-34.293,1,100.0,6922888,-140.41299999999998,-30.959,-113.085,-3.63095,-125.66,-16.2063,-140.394,-30.9667,-113.055,-3.6276300000000004,-125.648,-16.2208
83,-41.0894,1,100.0,10227224,-128.119,-11.2776,-125.37100000000001,-8.52885,-129.364,-12.5226,-128.1,-11.2721,-125.336,-8.50809,-129.35399999999998,-12.526
84,15.6418,1,100.0,0,-138.553,-20.97,-127.045,-9.462110000000001,-127.29299999999999,-9.7095,-138.524,-20.9577,-127.01100000000001,-9.44449,-127.25299999999999,-9.68671
85,-38.3561,1,100.0,12297864,-126.76,-19.2901,-111.509,-4.03843,-119.20100000000001,-11.7307,-126.742,-19.2986,-111.477,-4.03357,-119.19,-11.7471
86,11.6758,1,100.0,9099232,-121.195,-8.08301,-124.038,-10.9257,-120.896,-7.783739999999999,-121.166,-8.0817,-124.00299999999999,-10.9183,-120.85700000000001,-7.77245
87,-37.861999999999995,1,100.0,9006560,-115.06700000000001,-8.32653,-112.988,-6.24759,-117.04,-10.2999,-115.04799999999999,-8.33044,-112.956,-6.2384699999999995,-117.029,-10.3115
88,7.49016,1,100.0,7323984,-137.273,-33.384,-107.178,-3.2883400000000003,-121.117,-17.2277,-137.244,-33.3901,-107.14200000000001,-3.28761,-121.079,-17.2244
89,-52.4637,1,22.3351,15728640,-99.13,-20.7295,-81.4987,-3.09809,-106.589,-28.1888,-99.0152,-20.4979,-81.6201,-3.10276,-106.529,-28.0116
90,12.1925,1,100.0,6757816,-109.105,-5.6655,-125.596,-22.1567,-110.17299999999999,-6.73373,-109.07600000000001,-5.669230000000001,-125.561,-22.1545,-110.134,-6.7274199999999995
91,11.1661,1,24.3561,15728640,-107.236,-27.8965,-194.485,-115.145,-82.3646,-3.02478,-107.134,-27.8319,-194.43,-115.12700000000001,-82.3274,-3.0249900000000003
92,-45.6473,1,22.3301,15728640,-92.288,-32.1322,-63.1715,-3.0156400000000003,-118.439,-58.2833,-92.1747,-31.6848,-63.5061,-3.01622,-118.38,-57.89
93,19.4514,1,22.3311,15728640,-91.9045,-6.6794899999999995,-191.584,-106.359,-90.6762,-5.45119,-91.7948,-6.56676,-191.53400000000002,-106.306,-90.7662,-5.53815
94,-47.18899999999999,1,100.0,10400984,-128.336,-26.1131,-119.988,-17.7646,-105.475,-3.25225,-128.316,-26.1023,-119.946,-17.7324,-105.46700000000001,-3.2532900000000002
95,3.8897699999999995,1,100.0,14639280,-117.72200000000001,-5.65523,-121.93799999999999,-9.87065,-125.193,-13.1261,-117.751,-5.65738,-121.973,-9.87924,-125.23200000000001,-13.138
96,-6.85532,1,100.0,15644192,-125.89399999999999,-15.2365,-119.756,-9.09859,-116.006,-5.34911,-125.87,-15.2391,-119.72399999999999,-9.093739999999999,-115.977,-5.3459
97,-25.3486,1,100.0,12769912,-118.87200000000001,-5.527480000000001,-126.694,-13.3487,-124.819,-11.4739,-118.84299999999999,-5.5231,-126.65299999999999,-13.3329,-124.786,-11.4659
98,13.7921,1,23.1841,15728640,-105.27600000000001,-25.326999999999998,-194.584,-114.635,-82.9853,-3.03626,-105.17,-25.2158,-194.53400000000002,-114.579,-82.9909,-3.03693
99,-27.2303,1,100.0,10696376,-130.454,-24.1127,-112.735,-6.39423,-112.426,-6.085319999999999,-130.436,-24.1131,-112.709,-6.386430000000001,-112.414,-6.091069999999999
100,27.2053,1,24.0401,15728640,-106.891,-46.4064,-203.582,-143.097,-63.4953,-3.0105,-106.788,-46.1836,-203.524,-142.92,-63.6144,-3.01051
101,0.656393,1,22.3241,15728640,-72.3875,-3.2293,-196.46900000000002,-127.311,-85.2517,-16.0936,-72.2786,-3.22522,-196.44099999999997,-127.387,-85.2266,-16.1732
102,-40.3908,1,100.0,12545472,-117.415,-13.1698,-107.844,-3.5984599999999998,-130.224,-25.9785,-117.396,-13.1822,-107.81,-3.5960699999999997,-130.213,-25.9994
103,-28.0786,1,100.0,5451720,-120.96,-14.3304,-110.27600000000001,-3.64565,-126.935,-20.3051,-120.943,-14.3369,-110.249,-3.64361,-126.92299999999999,-20.317
104,1.59455,1,100.0,11405896,-120.64399999999999,-13.948,-110.43,-3.73374,-125.15299999999999,-18.4571,-120.67299999999999,-13.9426,-110.46600000000001,-3.73595,-125.191,-18.4607
105,23.7994,1,100.0,12067632,-130.02700000000002,-17.9047,-126.00200000000001,-13.8799,-116.492,-4.3705,-129.998,-17.9088,-125.969,-13.8802,-116.45200000000001,-4.3633
106,-30.05,1,100.0,11592688,-117.178,-6.10348,-118.87700000000001,-7.8025,-126.586,-15.511,-117.16,-6.104019999999999,-118.85,-7.793839999999999,-126.573,-15.5174
107,-5.6875599999999995,1,100.0,5583488,-118.76799999999999,-7.31078,-118.584,-7.126510000000001,-124.125,-12.6674,-118.79,-7.310160000000001,-118.61399999999999,-7.13402,-124.15100000000001,-12.671
108,29.3344,1,100.0,12674344,-111.95700000000001,-4.38389,-226.12099999999998,-118.54799999999999,-117.221,-9.6478,-111.928,-4.3848400000000005,-226.08900000000003,-118.546,-117.18,-9.63712
109,-18.6464,1,100.0,9054344,-128.547,-19.5516,-122.27799999999999,-13.2828,-112.928,-3.9328199999999995,-128.518,-19.5543,-122.238,-13.2746,-112.895,-3.93075
110,12.940999999999999,1,22.3381,15728640,-96.7708,-19.4326,-192.919,-115.581,-80.4488,-3.1106599999999998,-96.6616,-19.3025,-192.87400000000002,-115.515,-80.4728,-3.11374
111,-10.7992,1,100.0,10846968,-126.637,-13.1269,-119.19200000000001,-5.6822,-124.781,-11.2707,-126.60799999999999,-13.127,-119.15299999999999,-5.67245,-124.745,-11.2646
112,-32.7332,1,100.0,14217912,-126.117,-20.5063,-126.616,-21.0054,-108.927,-3.31704,-126.098,-20.4999,-126.587,-20.9887,-108.916,-3.31701
113,14.7427,1,100.0,11741832,-130.17,-18.4698,-126.715,-15.015,-115.85600000000001,-4.15555,-130.141,-18.4741,-126.681,-15.0138,-115.816,-4.14944
114,-28.113000000000003,1,100.0,12671448,-115.881,-4.18403,-125.711,-14.0139,-132.343,-20.6464,-115.863,-4.1821,-125.684,-14.0034,-132.33100000000002,-20.65
115,3.5169699999999997,1,22.4431,15728640,-103.64,-17.8278,-181.30200000000002,-95.49,-88.9696,-3.15757,-103.53200000000001,-17.7437,-181.267,-95.4787,-88.9485,-3.16046
116,-53.3512,1,100.0,0,-123.946,-18.9152,-108.47399999999999,-3.4426300000000003,-122.146,-17.1149,-123.925,-18.9424,-108.421,-3.43837,-122.141,-17.1589
117,-26.8054,1,100.0,12607736,-122.094,-13.6982,-112.61200000000001,-4.2165,-121.788,-13.3921,-122.065,-13.7053,-112.572,-4.21211,-121.755,-13.3959
118,-20.6077,1,100.0,8980496,-129.572,-13.2813,-123.79299999999999,-7.502260000000001,-127.63600000000001,-11.3452,-129.543,-13.2742,-123.75299999999999,-7.4841,-127.603,-11.3337
119,-17.6168,1,23.6271,15728640,-106.22399999999999,-8.288039999999999,-172.6,-74.6639,-102.51100000000001,-4.57509,-106.12,-8.253,-172.608,-74.7411,-102.456,-4.5894900000000005
120,28.1878,1,100.0,5451720,-132.791,-15.9291,-209.148,-92.2857,-122.986,-6.12341,-132.762,-15.9213,-209.11599999999999,-92.2749,-122.945,-6.1041099999999995
121,-35.5583,1,100.0,5376424,-117.22399999999999,-4.77988,-128.0,-15.5554,-124.945,-12.5005,-117.206,-4.77665,-127.97,-15.5405,-124.93299999999999,-12.5044
122,6.62971,1,100.0,1461032,-127.53399999999999,-29.4586,-101.90700000000001,-3.8321400000000003,-108.936,-10.8605,-127.51700000000001,-29.4629,-101.88600000000001,-3.8321,-108.914,-10.8598
123,-11.8908,1,100.0,9921696,-128.634,-30.7146,-101.00200000000001,-3.0824599999999998,-121.43299999999999,-23.5137,-128.605,-30.7244,-100.963,-3.08218,-121.398,-23.5174
124,-58.7559,1,100.0,0,-123.14,-18.8276,-115.079,-10.7665,-108.398,-4.08627,-123.116,-18.8155,-115.009,-10.7087,-108.4,-4.09883
125,-33.2001,1,22.3351,15728640,-100.602,-16.8227,-88.4105,-4.63129,-92.4843,-8.7051,-100.491,-16.3062,-89.0457,-4.8611,-92.4283,-8.243689999999999
126,-7.316669999999999,1,100.0,5341672,-111.67200000000001,-8.97273,-112.486,-9.787,-108.559,-5.85935,-111.64299999999999,-8.97772,-112.448,-9.78267,-108.523,-5.85752
127,-9.1627,1,100.0,5444480,-121.516,-21.6782,-102.984,-3.14575,-123.829,-23.9913,-121.48700000000001,-21.6873,-102.945,-3.14525,-123.794,-23.9939
128,-43.3096,1,100.0,6594192,-135.089,-30.033,-108.406,-3.3496699999999997,-121.75299999999999,-16.6967,-135.07,-30.0479,-108.369,-3.3473800000000002,-121.743,-16.7214
129,27.5945,1,22.3401,15728640,-99.4488,-42.4258,-188.62099999999998,-131.59799999999998,-60.0338,-3.0108,-99.3384,-42.0064,-188.567,-131.235,-60.3429,-3.01085
130,-23.0471,1,22.5061,15728640,-103.71799999999999,-9.211960000000001,-169.998,-75.4921,-98.7222,-4.2163,-103.609,-9.1688,-170.145,-75.7049,-98.6697,-4.22982
131,-14.7206,1,100.0,14161440,-124.78,-16.737000000000002,-115.831,-7.78788,-113.538,-5.49517,-124.751,-16.7418,-115.792,-7.7823,-113.50399999999999,-5.49449
132,-34.8253,1,30.331,15728640,-110.725,-31.8211,-81.9362,-3.03208,-106.337,-27.433000000000003,-110.639,-32.2624,-81.4062,-3.02989,-106.273,-27.8966
133,-18.344,1,100.0,0,-115.726,-5.63698,-117.788,-7.699560000000001,-130.716,-20.6267,-115.697,-5.63793,-117.749,-7.689710000000001,-130.68200000000002,-20.6229
134,29.8111,1,23.9371,15728640,-106.678,-40.0267,-174.519,-107.868,-69.6622,-3.01118,-106.573,-39.6583,-174.46099999999998,-107.546,-69.9259,-3.01126
135,23.5183,1,100.0,9051448,-104.99,-4.4907699999999995,-109.195,-8.69582,-124.38799999999999,-23.889,-104.961,-4.49161,-109.162,-8.69275,-124.348,-23.8785
136,1.01889,1,100.0,12461488,-128.543,-19.868,-112.12100000000001,-3.44571,-134.822,-26.147,-128.572,-19.8629,-112.15799999999999,-3.44847,-134.86,-26.1506
137,19.1798,1,100.0,13266576,-129.08100000000002,-17.9536,-115.87299999999999,-4.74526,-121.72399999999999,-10.597000000000001,-129.05200000000002,-17.9551,-115.839,-4.7420599999999995,-121.684,-10.5876
138,-31.2346,1,100.0,12297864,-126.62700000000001,-19.8687,-110.352,-3.5933,-121.984,-15.2263,-126.609,-19.875999999999998,-110.324,-3.59091,-121.97200000000001,-15.2396
139,-34.5338,1,100.0,5451720,-128.67600000000002,-22.3948,-109.59,-3.30931,-127.61200000000001,-21.3311,-128.657,-22.4044,-109.56,-3.3077300000000003,-127.6,-21.3475
140,1.7511900000000002,1,22.3401,15728640,-103.294,-13.4097,-194.317,-104.43299999999999,-93.3144,-3.43011,-103.185,-13.3313,-194.287,-104.43299999999999,-93.2918,-3.4380300000000004
141,-40.8354,1,100.0,13695184,-125.352,-12.1491,-118.914,-5.71028,-124.67,-11.4667,-125.333,-12.1522,-118.87899999999999,-5.69827,-124.66,-11.4786
142,-8.63141,1,100.0,12962496,-128.98,-12.7076,-134.554,-18.2819,-122.645,-6.37334,-128.951,-12.6993,-134.515,-18.2641,-122.61,-6.35845
143,3.8420699999999997,1,100.0,14788424,-126.54899999999999,-12.8631,-118.65100000000001,-4.9656400000000005,-130.965,-17.2795,-126.57799999999999,-12.865,-118.68700000000001,-4.97405,-131.004,-17.2912
144,29.5353,1,100.0,7132848,-132.255,-13.2398,-204.118,-85.1026,-130.29399999999998,-11.2794,-132.226,-13.2195,-204.08599999999998,-85.0794,-130.254,-11.2475
145,-13.17,1,100.0,6233640,-113.226,-10.3032,-107.314,-4.3910800000000005,-117.65700000000001,-14.7341,-113.197,-10.3104,-107.275,-4.38816,-117.62200000000001,-14.7356
146,-8.79541,1,100.0,8323104,-125.75299999999999,-20.0999,-119.054,-13.4013,-109.348,-3.6947099999999997,-125.72399999999999,-20.1054,-119.016,-13.3973,-109.31200000000001,-3.6936199999999997
147,17.456,1,34.1601,15728640,-115.994,-22.3766,-195.703,-102.085,-96.6876,-3.07044,-115.917,-22.4751,-195.628,-102.186,-96.5105,-3.06892
148,-16.0004,1,100.0,0,-115.802,-6.23945,-127.09200000000001,-17.5295,-116.514,-6.952139999999999,-115.773,-6.23946,-127.052,-17.5189,-116.48,-6.9469
149,-29.3738,1,100.0,8622840,-133.362,-25.6723,-111.211,-3.5209599999999996,-123.729,-16.0395,-133.344,-25.679000000000002,-111.184,-3.5186800000000003,-123.71700000000001,-16.0519
150,-52.5752,1,100.0,10130208,-109.98200000000001,-15.2149,-98.1375,-3.37008,-115.611,-20.844,-109.961,-15.2421,-98.0862,-3.3673900000000003,-115.60600000000001,-20.8873
151,1.37962,1,22.3361,15728640,-101.79299999999999,-5.40926,-185.495,-89.1114,-103.15799999999999,-6.774780000000001,-101.684,-5.373130000000001,-185.465,-89.1548,-103.135,-6.8240300000000005
152,-46.0218,1,22.3331,15728640,-98.9615,-19.1206,-82.9615,-3.1206,-115.976,-36.135,-98.8481,-18.7014,-83.2786,-3.1318900000000003,-115.917,-35.7699
153,-26.112,1,100.0,12817696,-132.045,-29.3104,-118.559,-15.8247,-106.071,-3.33696,-132.016,-29.3137,-118.51899999999999,-15.8166,-106.039,-3.33679
154,-40.7286,1,100.0,12315240,-127.71700000000001,-28.1989,-116.223,-16.7053,-102.77,-3.25242,-127.698,-28.1912,-116.189,-16.6825,-102.76,-3.25338
155,-42.5057,1,100.0,5444480,-119.59,-18.6521,-105.56,-4.6223,-109.618,-8.68019,-119.57,-18.6607,-105.524,-4.6144300000000005,-109.60799999999999,-8.698210000000001
156,-2.31725,1,100.0,15117120,-126.314,-20.8368,-110.09299999999999,-4.61578,-114.354,-8.87631,-126.344,-20.8295,-110.132,-4.61774,-114.39,-8.87627
157,-22.4489,1,22.3311,15728640,-81.6656,-5.0209,-177.87900000000002,-101.235,-83.9667,-7.322010000000001,-81.5557,-4.9993300000000005,-178.024,-101.46700000000001,-83.9153,-7.35889
158,-25.6446,1,100.0,5343120,-122.76100000000001,-13.28,-114.383,-4.901669999999999,-120.064,-10.5825,-122.73200000000001,-13.2855,-114.34200000000001,-4.89581,-120.031,-10.5845
159,-4.6031,1,100.0,6323416,-136.194,-28.3209,-117.322,-9.44865,-112.36,-4.48645,-136.22299999999998,-28.316,-117.361,-9.45368,-112.395,-4.48763
160,8.444289999999999,1,100.0,7510776,-141.44899999999998,-35.7087,-108.92200000000001,-3.18204,-134.5,-28.7601,-141.42,-35.7141,-108.887,-3.18078,-134.46200000000002,-28.756
161,-12.4885,1,38.246,15728640,-118.31299999999999,-24.9201,-97.6816,-4.28833,-102.48700000000001,-9.09365,-118.244,-24.9723,-97.5452,-4.2737,-102.40700000000001,-9.13579
162,-57.0523,1,100.0,15345904,-118.846,-28.6855,-109.353,-19.1922,-93.2933,-3.13266,-118.823,-28.6654,-109.289,-19.1315,-93.2921,-3.13422
163,-33.3015,1,100.0,9119504,-114.27600000000001,-3.75789,-129.843,-19.3251,-129.07399999999998,-18.5556,-114.258,-3.75601,-129.814,-19.3127,-129.062,-18.5602
164,-16.7158,1,100.0,0,-105.729,-3.33923,-117.95200000000001,-15.5627,-135.687,-33.2973,-105.7,-3.33935,-117.913,-15.5522,-135.653,-33.2923
165,-25.0988,1,22.3361,15728640,-96.3131,-3.1805,-176.58,-83.4471,-110.522,-17.3898,-96.2029,-3.17821,-176.794,-83.7694,-110.47,-17.4449
166,-32.9666,1,100.0,14113656,-129.30100000000002,-15.0214,-125.75200000000001,-11.472000000000001,-119.963,-5.68299,-129.283,-15.0148,-125.723,-11.455,-119.95100000000001,-5.68279
167,8.38602,1,22.3341,15728640,-95.3679,-6.371659999999999,-201.166,-112.17,-94.6982,-5.70193,-95.2589,-6.31375,-201.12599999999998,-112.181,-94.6973,-5.75212
168,-8.77476,1,100.0,11743280,-113.87100000000001,-7.74413,-121.822,-15.6949,-111.571,-5.4439400000000004,-113.84200000000001,-7.747269999999999,-121.78399999999999,-15.6884,-111.536,-5.44051
169,-6.5461599999999995,1,100.0,15205448,-133.305,-23.8023,-113.074,-3.5712800000000002,-128.003,-18.5006,-133.291,-23.8047,-113.056,-3.5697900000000002,-127.986,-18.4993
170,-5.58573,1,100.0,8612704,-130.662,-29.3437,-108.131,-6.81272,-106.78399999999999,-5.465409999999999,-130.687,-29.3377,-108.165,-6.815519999999999,-106.81299999999999,-5.4640699999999995
171,-9.25762,1,100.0,12711992,-110.18299999999999,-3.6101300000000003,-124.666,-18.0937,-122.18799999999999,-15.6155,-110.154,-3.60954,-124.62799999999999,-18.0834,-122.15299999999999,-15.6084
172,-45.4788,1,22.8751,15728640,-104.74700000000001,-33.9696,-73.8048,-3.02694,-99.0035,-28.2256,-104.637,-33.5572,-74.1078,-3.0284299999999997,-98.9438,-27.8644
173,-11.0123,1,100.0,15544280,-117.434,-9.39355,-112.916,-4.87584,-123.35600000000001,-15.3155,-117.405,-9.398610000000001,-112.87700000000001,-4.87101,-123.321,-15.3144
174,10.2896,1,22.3371,15728640,-100.25,-30.3404,-179.62,-109.71,-72.928,-3.01838,-100.141,-30.2234,-179.578,-109.66,-72.9361,-3.0186
175,23.1969,1,22.3871,15728640,-103.428,-25.6018,-179.829,-102.00200000000001,-80.8611,-3.0345299999999997,-103.318,-25.331999999999997,-179.77700000000002,-101.791,-81.0225,-3.03609
176,9.2157,1,24.2871,15728640,-107.18799999999999,-12.7229,-181.171,-86.7059,-97.9791,-3.51393,-107.086,-12.6682,-181.11599999999999,-86.6981,-97.9385,-3.52041
177,6.03581,1,100.0,11391416,-131.524,-23.8467,-115.391,-7.71386,-112.92299999999999,-5.24607,-131.535,-23.8441,-115.404,-7.71289,-112.939,-5.24795
178,10.3466,1,100.0,15195312,-126.285,-16.5969,-114.77,-5.0814699999999995,-118.76799999999999,-9.07957,-126.256,-16.6007,-114.734,-5.0789599999999995,-118.729,-9.07355
179,-33.81,1,100.0,9009456,-122.77,-7.21507,-125.82700000000001,-10.2729,-128.94899999999998,-13.3941,-122.751,-7.21025,-125.79799999999999,-10.2572,-128.937,-13.3959
180,-28.0714,1,22.3651,15728640,-96.4277,-3.27314,-168.202,-75.047,-108.624,-15.4695,-96.3173,-3.26975,-168.533,-75.4851,-108.57,-15.5225
181,-56.8358,1,100.0,15622472,-115.01299999999999,-17.7498,-117.875,-20.6122,-100.523,-3.26058,-114.99,-17.7303,-117.81200000000001,-20.5527,-100.522,-3.2623599999999997
182,-8.36979,1,22.3391,15728640,-99.6712,-8.86855,-181.125,-90.3222,-95.1245,-4.32189,-99.5622,-8.81753,-181.12400000000002,-90.3792,-95.0845,-4.33986
183,-35.1204,1,100.0,10789048,-119.505,-19.4992,-118.072,-18.0658,-103.3,-3.2936699999999997,-119.48700000000001,-19.4929,-118.042,-18.048,-103.288,-3.2943
184,-32.7211,1,100.0,1836064,-126.20200000000001,-17.5797,-112.454,-3.8322199999999995,-123.28,-14.6581,-126.184,-17.5865,-112.426,-3.82875,-123.26799999999999,-14.6713
185,-27.3975,1,100.0,10806424,-133.33,-31.5053,-104.92299999999999,-3.09823,-128.613,-26.7889,-133.312,-31.5131,-104.897,-3.0977900000000003,-128.601,-26.802
186,-1.33912,1,22.3341,15728640,-101.71700000000001,-12.5697,-185.93200000000002,-96.7848,-92.6712,-3.5235199999999995,-101.609,-12.499,-185.90900000000002,-96.7994,-92.6419,-3.5323800000000003
187,17.8426,1,22.3351,15728640,-100.75399999999999,-12.7609,-197.794,-109.801,-91.4928,-3.4994199999999998,-100.645,-12.602,-197.745,-109.70299999999999,-91.5614,-3.5186900000000003
188,28.8218,1,100.0,12697512,-113.2,-5.60254,-214.886,-107.289,-114.64299999999999,-7.04528,-113.171,-5.60555,-214.854,-107.289,-114.602,-7.03667
189,-13.8021,1,28.945,15728640,-112.044,-8.25123,-197.423,-93.6306,-108.49,-4.69725,-111.956,-8.23831,-197.292,-93.5745,-108.41799999999999,-4.70045
190,-28.0682,1,100.0,7995856,-134.19899999999998,-28.1152,-112.568,-6.48401,-112.027,-5.94301,-134.181,-28.1156,-112.541,-6.47587,-112.014,-5.94883
191,2.04557,1,100.0,10383608,-110.9,-8.925419999999999,-107.235,-5.26013,-113.73899999999999,-11.7646,-110.929,-8.92025,-107.271,-5.26233,-113.77799999999999,-11.7686
192,3.43143,1,100.0,12386192,-127.005,-20.2203,-110.119,-3.3336699999999997,-131.049,-24.264,-127.03399999999999,-20.2154,-110.154,-3.3353900000000003,-131.088,-24.2686
193,-55.4106,1,100.0,14065872,-125.774,-17.3785,-112.541,-4.14522,-120.34,-11.9441,-125.75200000000001,-17.4025,-112.48200000000001,-4.13304,-120.337,-11.9873
194,-13.7866,1,100.0,5335880,-134.746,-32.8424,-105.135,-3.23142,-119.61200000000001,-17.7089,-134.717,-32.852,-105.096,-3.23067,-119.57799999999999,-17.7128
195,23.2874,1,100.0,9921696,-112.292,-5.5434,-116.156,-9.407739999999999,-117.51,-10.7615,-112.26299999999999,-5.5449,-116.12299999999999,-9.40528,-117.47,-10.7517
196,-2.38573,1,100.0,12711992,-111.67299999999999,-3.5194400000000003,-127.62299999999999,-19.4693,-127.01299999999999,-18.8596,-111.70200000000001,-3.52085,-127.662,-19.48,-127.05,-18.8682
197,19.1377,1,100.0,5503848,-110.962,-4.71414,-121.697,-15.4492,-115.68799999999999,-9.44048,-110.93299999999999,-4.715730000000001,-121.663,-15.4461,-115.648,-9.431189999999999
198,-33.1833,1,22.3411,15728640,-101.462,-27.6932,-76.8239,-3.05493,-98.4615,-24.6925,-101.351,-26.9557,-77.458,-3.06279,-98.4054,-24.0102
199,14.2001,1,100.0,8103008,-133.493,-22.8,-129.045,-18.3516,-114.414,-3.7213,-133.464,-22.8057,-129.01,-18.3518,-114.375,-3.7166900000000003
200,16.5745,1,22.3731,15728640,-100.462,-13.0342,-187.71599999999998,-100.288,-90.8959,-3.46779,-100.353,-12.8868,-187.668,-100.20200000000001,-90.9505,-3.48441
