nRun,angle,targetCellId,downloadTime,rxBytes,rsrp1,rsrq1,rsrp2,rsrq2,rsrp3,rsrq3,previousrsrp1,previousrsrq1,previousrsrp2,previousrsrq2,previousrsrp3,previousrsrq3
1,-54.573,2,37.0,15728640,-91.4534,-4.36266,-96.7808,-9.69006,-102.921,-15.8302,-91.2293,-4.27418,-96.9354,-9.9803,-102.884,-15.9288
2,-24.0392,2,46.809,15728640,-91.26100000000001,-4.30386,-97.6844,-10.7273,-100.527,-13.5702,-91.0186,-4.21518,-97.8386,-11.0352,-100.56200000000001,-13.7581
3,-20.0429,2,48.781000000000006,15728640,-91.3627,-4.336469999999999,-97.8093,-10.783,-100.23200000000001,-13.2054,-91.1204,-4.24653,-97.9572,-11.0833,-100.27600000000001,-13.4026
4,-49.5133,2,38.277,15728640,-91.3211,-4.3304,-96.8836,-9.8929,-102.47399999999999,-15.4829,-91.0927,-4.24175,-97.0454,-10.1945,-102.447,-15.5956
5,-9.37145,2,100.0,15560208,-91.3008,-4.29974,-98.4062,-11.4052,-99.5329,-12.5319,-91.0547,-4.21276,-98.5311,-11.6892,-99.6079,-12.7659
6,-49.7268,2,38.285,15728640,-91.3084,-4.3246400000000005,-96.891,-9.90728,-102.49,-15.5061,-91.08,-4.23639,-97.0525,-10.2089,-102.462,-15.6188
7,-42.8689,2,38.465,15728640,-91.4597,-4.39995,-96.8829,-9.82311,-101.94200000000001,-14.8825,-91.2294,-4.30577,-97.051,-10.1274,-101.929,-15.005
8,-5.55863,2,100.0,14181712,-91.3333,-4.30893,-98.6066,-11.5822,-99.2795,-12.2551,-91.0873,-4.22175,-98.7221,-11.8565,-99.3651,-12.4996
9,-49.9437,2,38.287,15728640,-91.2954,-4.31878,-96.8987,-9.92205,-102.506,-15.5296,-91.0669,-4.23093,-97.0598,-10.2238,-102.478,-15.6423
10,29.75,2,100.0,7203800,-91.3214,-4.3356,-100.931,-13.9447,-97.3996,-10.4138,-91.0825,-4.2447099999999995,-100.949,-14.1115,-97.5616,-10.7239
11,16.4845,2,100.0,6961984,-91.4375,-4.3597,-99.9701,-12.8923,-97.9454,-10.8676,-91.1953,-4.26903,-100.025,-13.0984,-98.0868,-11.1605
12,22.2117,2,100.0,7037280,-91.3098,-4.31965,-100.39200000000001,-13.4018,-97.7377,-10.7475,-91.0675,-4.23033,-100.431,-13.5938,-97.8892,-11.052
13,13.3787,2,100.0,6972120,-91.4908,-4.375769999999999,-99.7444,-12.6294,-98.0821,-10.9672,-91.2485,-4.2847,-99.8075,-12.8437,-98.2169,-11.2531
14,7.511489999999999,2,100.0,8525824,-91.3187,-4.30483,-99.4082,-12.3943,-98.5017,-11.4878,-91.0727,-4.21773,-99.4884,-12.6334,-98.6221,-11.7671
15,20.1653,2,100.0,6966328,-91.3599,-4.33558,-100.241,-13.2164,-97.805,-10.7807,-91.1176,-4.24566,-100.285,-13.4133,-97.9532,-11.0812
16,13.4547,2,100.0,7048864,-91.4896,-4.37542,-99.7498,-12.6357,-98.0786,-10.9644,-91.2474,-4.2843599999999995,-99.8128,-12.8498,-98.2135,-11.2505
17,1.04349,2,100.0,11006248,-91.3503,-4.313680000000001,-98.9925,-11.9559,-98.8658,-11.8291,-91.1043,-4.22641,-99.0906,-12.2127,-98.9695,-12.0916
18,-29.0303,2,44.1271,15728640,-91.346,-4.3443,-97.412,-10.4102,-100.876,-13.874,-91.1071,-4.2529900000000005,-97.5734,-10.7192,-100.896,-14.0421
19,-12.2931,2,54.3731,15728640,-91.2645,-4.28934,-98.2659,-11.2907,-99.7324,-12.7572,-91.0185,-4.20262,-98.3975,-11.5816,-99.7993,-12.9834
20,3.11358,2,100.0,10526960,-91.3454,-4.31231,-99.1221,-12.089,-98.7442,-11.7111,-91.0994,-4.22507,-99.2145,-12.3402,-98.8534,-11.9791
21,-47.4509,2,38.251999999999995,15728640,-91.441,-4.38513,-96.8182,-9.76233,-102.316,-15.2604,-91.2129,-4.2927599999999995,-96.9831,-10.0629,-102.29299999999999,-15.3727
22,-14.5522,2,52.2481,15728640,-91.47200000000001,-4.37014,-98.0286,-10.9268,-99.8293,-12.7275,-91.2297,-4.27921,-98.1659,-11.2154,-99.8892,-12.9387
23,-54.5646,2,37.939,15728640,-91.2299,-4.27444,-96.935,-9.97959,-102.883,-15.9279,-91.0032,-4.190869999999999,-97.0885,-10.2762,-102.84700000000001,-16.0347
24,-4.280480000000001,2,100.0,13764688,-91.3405,-4.31094,-98.6777,-11.6481,-99.1967,-12.1671,-91.0945,-4.22372,-98.7899,-11.9192,-99.2859,-12.4151
25,-35.4766,2,39.452,15728640,-91.3386,-4.34893,-97.1766,-10.1869,-101.35799999999999,-14.3685,-91.1028,-4.25711,-97.3432,-10.4976,-101.36200000000001,-14.5167
26,3.70039,2,100.0,10234464,-91.3431,-4.31168,-99.1595,-12.128,-98.7106,-11.6791,-91.0971,-4.22444,-99.2503,-12.3776,-98.8213,-11.9486
27,24.3296,2,100.0,7064792,-91.2528,-4.30121,-100.54899999999999,-13.5972,-97.6766,-10.725,-91.0105,-4.21265,-100.58200000000001,-13.7844,-97.8312,-11.0333
28,-15.3723,2,51.6121,15728640,-91.4579,-4.36589,-97.9926,-10.9006,-99.8889,-12.797,-91.2156,-4.27506,-98.1316,-11.190999999999999,-99.9465,-13.005999999999998
29,-30.6784,2,43.3381,15728640,-91.2887,-4.323980000000001,-97.3854,-10.4207,-101.001,-14.0364,-91.0497,-4.23369,-97.5481,-10.7321,-101.01799999999999,-14.2015
30,23.2374,2,100.0,6992392,-91.2829,-4.310969999999999,-100.46799999999999,-13.495999999999999,-97.70700000000001,-10.7351,-91.0406,-4.2219999999999995,-100.50399999999999,-13.6857,-97.86,-11.0415
31,14.9153,2,100.0,6961984,-91.4658,-4.36829,-99.8557,-12.7582,-98.0125,-10.915,-91.2236,-4.2774,-99.9145,-12.9684,-98.1506,-11.2044
32,20.0299,2,100.0,7053208,-91.363,-4.33657,-100.23100000000001,-13.2043,-97.8097,-10.7833,-91.1207,-4.24662,-100.27600000000001,-13.4014,-97.9577,-11.0836
33,-36.0237,2,38.811,15728640,-91.3156,-4.34009,-97.175,-10.1995,-101.4,-14.4247,-91.0797,-4.24878,-97.3417,-10.5108,-101.40299999999999,-14.5721
34,-36.1318,2,38.773,15728640,-91.3111,-4.3383199999999995,-97.1748,-10.2021,-101.40899999999999,-14.4358,-91.0751,-4.24712,-97.3415,-10.5135,-101.411,-14.5831
35,-3.55355,2,100.0,13424408,-91.3438,-4.31185,-98.7189,-11.687000000000001,-99.1501,-12.1182,-91.0977,-4.22461,-98.8293,-11.9562,-99.2413,-12.3682
36,-4.2609699999999995,2,100.0,13751656,-91.3406,-4.310969999999999,-98.6788,-11.6492,-99.1954,-12.1658,-91.0946,-4.22374,-98.791,-11.9201,-99.2847,-12.4138
37,3.3869599999999997,2,100.0,10416912,-91.3444,-4.31203,-99.1395,-12.1071,-98.7285,-11.6961,-91.0984,-4.2247900000000005,-99.2311,-12.3575,-98.8384,-11.9648
38,10.7167,2,100.0,7089408,-91.2853,-4.29533,-99.6242,-12.6343,-98.3401,-11.3502,-91.0393,-4.20845,-99.6955,-12.8647,-98.4682,-11.6373
39,-36.6817,2,38.821,15728640,-91.2875,-4.32925,-97.1742,-10.2159,-101.45100000000001,-14.4923,-91.0516,-4.238569999999999,-97.3409,-10.5279,-101.45200000000001,-14.639000000000001
40,-10.1752,2,56.893,15728640,-91.2918,-4.29718,-98.3664,-11.3719,-99.5874,-12.5928,-91.0458,-4.21025,-98.4932,-11.6577,-99.6602,-12.8247
41,-43.1467,2,38.465,15728640,-91.4455,-4.393730000000001,-96.8874,-9.8356,-101.964,-14.9121,-91.2152,-4.29995,-97.0553,-10.1401,-101.95,-15.0344
42,28.5608,2,100.0,7169048,-91.3618,-4.34984,-100.84,-13.828,-97.4206,-10.4087,-91.1229,-4.25826,-100.86200000000001,-13.997,-97.5816,-10.717
43,-54.0513,2,38.141999999999996,15728640,-91.2637,-4.28996,-96.9103,-9.93661,-102.845,-15.8717,-91.0371,-4.20529,-97.0649,-10.2331,-102.81,-15.9781
44,18.38,2,100.0,7019904,-91.3995,-4.34799,-100.109,-13.0576,-97.8701,-10.8186,-91.1572,-4.25767,-100.15799999999999,-13.2589,-98.0151,-11.1155
45,3.85379,2,100.0,10041880,-91.3425,-4.31149,-99.1693,-12.1383,-98.7018,-11.6708,-91.0965,-4.22426,-99.2597,-12.3874,-98.81299999999999,-11.9408
46,-51.9641,2,37.271,15728640,-91.3974,-4.35251,-96.8165,-9.77161,-102.689,-15.6442,-91.1713,-4.26347,-96.9754,-10.0676,-102.65700000000001,-15.7493
47,29.2434,2,100.0,7245792,-91.3388,-4.34175,-100.89200000000001,-13.8949,-97.4082,-10.4111,-91.0999,-4.25057,-100.912,-14.0627,-97.5698,-10.7204
48,-49.5391,2,38.254,15728640,-91.3196,-4.3297,-96.8845,-9.894630000000001,-102.476,-15.4857,-91.0912,-4.2411,-97.0463,-10.1962,-102.448,-15.5984
49,-4.45496,2,100.0,13645952,-91.3396,-4.3107,-98.6679,-11.6389,-99.2079,-12.179,-91.0936,-4.22348,-98.7806,-11.9104,-99.2966,-12.4265
50,-25.601999999999997,2,45.9451,15728640,-91.4548,-4.3821699999999995,-97.4865,-10.4138,-100.61399999999999,-13.5412,-91.21600000000001,-4.28916,-97.6442,-10.7173,-100.64299999999999,-13.7161
51,-59.6414,2,36.81,15728640,-91.3238,-4.27759,-96.9267,-9.88054,-103.337,-16.2912,-91.1009,-4.19645,-97.0694,-10.165,-103.292,-16.387999999999998
52,-22.0732,2,47.98,15728640,-91.3134,-4.320790000000001,-97.742,-10.7494,-100.382,-13.3891,-91.0711,-4.23142,-97.8933,-11.0537,-100.421,-13.5815
53,-5.57717,2,100.0,14255560,-91.3332,-4.3089,-98.6055,-11.5813,-99.2807,-12.2564,-91.0872,-4.2217199999999995,-98.7211,-11.8556,-99.3663,-12.5008
54,-41.4772,2,38.551,15728640,-91.2991,-4.33438,-97.0323,-10.0676,-101.823,-14.8579,-91.0659,-4.24378,-97.1996,-10.3774,-101.81299999999999,-14.9905
55,-12.9544,2,54.5651,15728640,-91.2549,-4.286569999999999,-98.2358,-11.2675,-99.7781,-12.8097,-91.0089,-4.19992,-98.3689,-11.5599,-99.8432,-13.0342
56,-30.8182,2,43.0111,15728640,-91.2837,-4.3222,-97.3834,-10.4219,-101.012,-14.0502,-91.0447,-4.231990000000001,-97.5463,-10.7335,-101.02799999999999,-14.2151
57,-50.9237,2,38.279,15728640,-91.2359,-4.2921,-96.9346,-9.990839999999999,-102.58,-15.6359,-91.0072,-4.2061,-97.094,-10.2929,-102.55,-15.749
58,-19.2527,2,49.129,15728640,-91.3806,-4.34209,-97.8375,-10.799000000000001,-100.17299999999999,-13.1349,-91.1383,-4.2519599999999995,-97.9841,-11.0977,-100.22,-13.334000000000001
59,13.359000000000002,2,100.0,6972120,-91.4911,-4.37585,-99.7429,-12.6277,-98.0831,-10.9679,-91.2488,-4.28479,-99.8061,-12.8421,-98.2177,-11.2537
60,-49.7784,2,38.262,15728640,-91.3053,-4.32325,-96.8928,-9.91078,-102.494,-15.5117,-91.0769,-4.2350900000000005,-97.0542,-10.2124,-102.46600000000001,-15.6244
61,15.3195,2,100.0,7044520,-91.4588,-4.366169999999999,-99.8851,-12.7925,-97.9948,-10.9022,-91.2166,-4.27534,-99.9428,-13.0016,-98.1338,-11.1926
62,2.6888,2,100.0,10529856,-91.3468,-4.3127,-99.0952,-12.0611,-98.7688,-11.7347,-91.1008,-4.22545,-99.1888,-12.3134,-98.8769,-12.0015
63,-4.29154,2,100.0,13773376,-91.3404,-4.310919999999999,-98.6771,-11.6475,-99.1974,-12.1679,-91.0944,-4.2237,-98.7893,-11.9186,-99.2865,-12.4158
64,-9.756210000000001,2,100.0,15713696,-91.2965,-4.29854,-98.3871,-11.3891,-99.5589,-12.5609,-91.0505,-4.21159,-98.5129,-11.6739,-99.6329,-12.7939
65,29.3464,2,100.0,7169048,-91.3353,-4.34051,-100.9,-13.905,-97.4064,-10.4116,-91.0964,-4.24939,-100.92,-14.0726,-97.5681,-10.7211
66,25.7238,2,100.0,7142984,-91.4512,-4.38093,-100.62299999999999,-13.5529,-97.4834,-10.4131,-91.2124,-4.28797,-100.652,-13.7276,-97.6412,-10.7168
67,-44.2717,2,38.393,15728640,-91.3871,-4.36816,-96.9078,-9.88888,-102.051,-15.032,-91.1566,-4.27603,-97.0747,-10.1942,-102.03399999999999,-15.1539
68,26.8667,2,100.0,7183528,-91.4163,-4.36889,-100.711,-13.6632,-97.456,-10.4085,-91.1775,-4.27645,-100.73700000000001,-13.8355,-97.6152,-10.7142
69,-9.00719,2,100.0,15437128,-91.3046,-4.30083,-98.4246,-11.4208,-99.5083,-12.5045,-91.0586,-4.21382,-98.5486,-11.7038,-99.5844,-12.7396
70,20.9272,2,100.0,7030040,-91.3418,-4.32986,-100.29700000000001,-13.285,-97.779,-10.767000000000001,-91.0995,-4.24015,-100.339,-13.48,-97.9285,-11.0691
71,6.3751,2,100.0,9000768,-91.3277,-4.30737,-99.333,-12.3126,-98.5621,-11.5418,-91.0817,-4.220219999999999,-99.4164,-12.5549,-98.6797,-11.8182
72,11.4812,2,100.0,6954744,-91.2756,-4.29253,-99.6765,-12.6935,-98.3037,-11.3206,-91.0296,-4.20573,-99.7457,-12.9219,-98.4335,-11.6096
73,-51.5802,2,37.199,15728640,-91.4213,-4.3639,-96.8004,-9.742980000000001,-102.66,-15.6026,-91.1953,-4.27407,-96.96,-10.0388,-102.62899999999999,-15.7074
74,-50.9928,2,38.256,15728640,-91.2316,-4.29021,-96.9372,-9.99582,-102.585,-15.6434,-91.00299999999999,-4.20434,-97.0965,-10.2979,-102.555,-15.7566
75,19.8898,2,100.0,7025696,-91.3662,-4.33758,-100.22,-13.1917,-97.8147,-10.786,-91.124,-4.2476,-100.266,-13.3892,-97.9624,-11.085999999999999
76,10.274000000000001,2,100.0,7357288,-91.2906,-4.29685,-99.5941,-12.6003,-98.3616,-11.3678,-91.0446,-4.20993,-99.6666,-12.8319,-98.4886,-11.654000000000002
77,-32.6209,2,41.8411,15728640,-91.4526,-4.39246,-97.1963,-10.1362,-101.137,-14.0772,-91.2168,-4.29828,-97.36200000000001,-10.4434,-101.148,-14.2295
78,-7.78673,2,100.0,15040376,-91.3163,-4.30415,-98.4873,-11.4751,-99.4265,-12.4143,-91.0703,-4.21707,-98.6083,-11.7551,-99.5059,-12.6527
79,-16.1677,2,51.053999999999995,15728640,-91.4435,-4.36152,-97.9587,-10.8767,-99.947,-12.865,-91.2012,-4.2708,-98.0993,-11.1689,-100.00200000000001,-13.0719
80,6.07632,2,100.0,9177424,-91.3299,-4.30797,-99.3134,-12.2915,-98.5783,-11.5564,-91.0839,-4.2208,-99.3976,-12.5345,-98.6951,-11.8321
81,-55.5595,2,36.981,15728640,-91.3876,-4.33047,-96.8323,-9.77517,-102.995,-15.9377,-91.1633,-4.2442400000000005,-96.9846,-10.0656,-102.956,-16.0373
82,2.6642099999999997,2,100.0,10308312,-91.3469,-4.31272,-99.0937,-12.0595,-98.7702,-11.735999999999999,-91.1009,-4.22547,-99.1873,-12.3119,-98.8782,-12.0028
83,29.81,2,100.0,7245792,-91.3193,-4.33486,-100.935,-13.9506,-97.3986,-10.4142,-91.0804,-4.24401,-100.954,-14.1173,-97.5607,-10.7243
84,-16.9195,2,50.966,15728640,-91.4292,-4.35714,-97.9276,-10.8556,-100.00200000000001,-12.9299,-91.1869,-4.26655,-98.0698,-11.1494,-100.055,-13.1349
85,-38.5297,2,38.578,15728640,-91.4385,-4.391769999999999,-97.0089,-9.96221,-101.595,-14.5482,-91.2056,-4.297619999999999,-97.1773,-10.2694,-101.59100000000001,-14.6833
86,-20.5653,2,48.583999999999996,15728640,-91.3505,-4.33261,-97.7912,-10.7733,-100.27,-13.2524,-91.1082,-4.2428,-97.9401,-11.0747,-100.314,-13.4483
87,16.1561,2,100.0,7043072,-91.4437,-4.36158,-99.9461,-12.864,-97.9591,-10.877,-91.2014,-4.27086,-100.00200000000001,-13.071,-98.0998,-11.1692
88,-32.3102,2,42.1251,15728640,-91.4643,-4.39693,-97.1996,-10.1322,-101.113,-14.0457,-91.2286,-4.3025199999999995,-97.3651,-10.439,-101.125,-14.1985
89,-5.2935300000000005,2,100.0,14133928,-91.335,-4.3093900000000005,-98.6212,-11.5956,-99.2622,-12.2366,-91.0889,-4.2222,-98.736,-11.8693,-99.3486,-12.4819
90,-42.995,2,38.485,15728640,-91.4533,-4.397130000000001,-96.8849,-9.82875,-101.95200000000001,-14.8959,-91.2229,-4.30313,-97.0529,-10.1331,-101.93799999999999,-15.0183
91,10.1633,2,100.0,7064792,-91.2919,-4.297219999999999,-99.5865,-12.5919,-98.367,-11.3723,-91.0459,-4.2102900000000005,-99.6594,-12.8238,-98.4938,-11.6582
92,-52.1845,2,37.925,15728640,-91.3835,-4.34596,-96.8259,-9.7883,-102.706,-15.6682,-91.1574,-4.25737,-96.9843,-10.0843,-102.67299999999999,-15.7733
93,3.87831,2,100.0,10008576,-91.3424,-4.31146,-99.1708,-12.1399,-98.7004,-11.6695,-91.0964,-4.22423,-99.2612,-12.389000000000001,-98.8116,-11.9395
94,25.6589,2,100,7141536,-91.4531,-4.38159,-100.618,-13.5466,-97.485,-10.4135,-91.2143,-4.2886,-100.647,-13.7215,-97.6428,-10.7171
95,-39.8817,2,38.555,15728640,-91.3759,-4.36601,-97.0169,-10.007,-101.7,-14.6899,-91.1429,-4.27343,-97.1849,-10.3155,-101.693,-14.8238
96,-42.4102,2,38.617,15728640,-91.2526,-4.3153,-97.0443,-10.107000000000001,-101.89399999999999,-14.9564,-91.0193,-4.2259199999999995,-97.211,-10.4175,-101.882,-15.0885
97,8.479230000000001,2,100.0,8029160,-91.3099,-4.30233,-99.4728,-12.4653,-98.4515,-11.4439,-91.0639,-4.21529,-99.5503,-12.7018,-98.5742,-11.7256
98,-36.0318,2,38.723,15728640,-91.3153,-4.33995,-97.175,-10.1997,-101.40100000000001,-14.4255,-91.0794,-4.24866,-97.3417,-10.511,-101.404,-14.573
99,26.5522,2,100.0,7099544,-91.4261,-4.372269999999999,-100.68700000000001,-13.6327,-97.4632,-10.4094,-91.1872,-4.27968,-100.713,-13.8057,-97.6221,-10.7145
100,-53.4404,2,37.919000000000004,15728640,-91.3034,-4.30837,-96.8818,-9.8867,-102.8,-15.8049,-91.07700000000001,-4.22241,-97.0377,-10.1831,-102.766,-15.9109
101,-30.6934,2,43.0371,15728640,-91.2882,-4.32379,-97.3852,-10.4208,-101.00200000000001,-14.0378,-91.0492,-4.2335,-97.5479,-10.7322,-101.01899999999999,-14.203
102,-25.756999999999998,2,45.8821,15728640,-91.4502,-4.38059,-97.4825,-10.4129,-100.626,-13.5561,-91.2114,-4.287640000000001,-97.6404,-10.7167,-100.654,-13.7307
103,-33.4498,2,41.6451,15728640,-91.4205,-4.38028,-97.1885,-10.1483,-101.20200000000001,-14.1614,-91.1848,-4.28674,-97.3546,-10.4566,-101.21,-14.3124
104,-46.3788,2,38.495,15728640,-91.2731,-4.3186599999999995,-96.9548,-10.0003,-102.212,-15.2575,-91.0424,-4.229830000000001,-97.1195,-10.3069,-102.191,-15.3789
105,-51.9687,2,37.924,15728640,-91.3971,-4.35238,-96.8167,-9.77196,-102.689,-15.6448,-91.171,-4.26334,-96.9756,-10.0679,-102.65700000000001,-15.7498
106,-24.8132,2,46.236999999999995,15728640,-91.4779,-4.39005,-97.5072,-10.4194,-100.553,-13.4656,-91.2391,-4.29672,-97.6639,-10.7215,-100.585,-13.6422
107,-54.3325,2,37.922,15728640,-91.2452,-4.28146,-96.9238,-9.96004,-102.866,-15.9025,-91.0186,-4.19739,-97.0778,-10.2566,-102.83,-16.0091
108,-23.6048,2,46.935,15728640,-91.2729,-4.30775,-97.6965,-10.7313,-100.495,-13.5299,-91.0306,-4.21891,-97.8501,-11.0384,-100.53,-13.7188
109,25.9305,2,100.0,7131400,-91.445,-4.3788,-100.639,-13.5728,-97.4782,-10.412,-91.2062,-4.2859300000000005,-100.667,-13.747,-97.6363,-10.7161
110,-47.0402,2,38.486999999999995,15728640,-91.2362,-4.30273,-96.9719,-10.0385,-102.262,-15.3285,-91.0053,-4.214980000000001,-97.1357,-10.3454,-102.24,-15.4499
111,-16.6132,2,50.785,15728640,-91.4351,-4.35895,-97.9401,-10.864,-99.9795,-12.9034,-91.1928,-4.26831,-98.0817,-11.1572,-100.03399999999999,-13.1092
112,22.3671,2,100.0,6983704,-91.3058,-4.31837,-100.40299999999999,-13.415999999999999,-97.7329,-10.7454,-91.0635,-4.2291,-100.44200000000001,-13.6077,-97.8847,-11.0502
113,-54.7899,2,36.998000000000005,15728640,-91.439,-4.3556,-96.7919,-9.70847,-102.93700000000001,-15.8538,-91.2149,-4.2676099999999995,-96.9461,-9.99875,-102.9,-15.9526
114,-16.8416,2,50.633,15728640,-91.4307,-4.35761,-97.9308,-10.8577,-99.9962,-12.9232,-91.1884,-4.2669999999999995,-98.0728,-11.1514,-100.05,-13.1283
115,27.6261,2,100.0,7173392,-91.3923,-4.360530000000001,-100.76899999999999,-13.7369,-97.4394,-10.4076,-91.1534,-4.26846,-100.79299999999999,-13.9077,-97.5994,-10.7144
116,-23.9135,2,46.955,15728640,-91.2644,-4.305,-97.6879,-10.7284,-100.51799999999999,-13.5585,-91.0221,-4.21627,-97.8419,-11.036,-100.553,-13.7467
117,-8.97988,2,100.0,15468984,-91.3049,-4.30091,-98.426,-11.422,-99.5065,-12.5025,-91.0589,-4.2139,-98.5499,-11.705,-99.5826,-12.7376
118,-15.4732,2,51.4171,15728640,-91.4561,-4.36535,-97.9882,-10.8975,-99.8963,-12.8055,-91.2138,-4.27453,-98.1274,-11.1881,-99.9536,-13.0143
119,13.3813,2,100.0,7011216,-91.4907,-4.37575,-99.7445,-12.6296,-98.08200000000001,-10.9671,-91.2485,-4.28469,-99.8077,-12.8439,-98.2168,-11.253
120,-18.5689,2,49.533,15728640,-91.3955,-4.3467400000000005,-97.8629,-10.8142,-100.12299999999999,-13.0743,-91.1532,-4.25646,-98.0083,-11.1115,-100.17200000000001,-13.2751
121,-58.3677,2,36.973,15728640,-91.4154,-4.32259,-96.8452,-9.752419999999999,-103.244,-16.1514,-91.1929,-4.23829,-96.9915,-10.0369,-103.20100000000001,-16.2464
122,-1.45203,2,100.0,11747624,-91.3498,-4.31352,-98.8414,-11.8052,-99.0178,-11.9816,-91.1037,-4.22625,-98.9462,-12.0687,-99.1148,-12.2373
123,-45.6967,2,38.393,15728640,-91.3106,-4.3349,-96.9383,-9.9626,-102.16,-15.1843,-91.08,-4.2449699999999995,-97.1038,-10.2688,-102.141,-15.3059
124,-29.5791,2,43.9371,15728640,-91.3273,-4.33769,-97.4024,-10.4128,-100.91799999999999,-13.9279,-91.0884,-4.2467,-97.5643,-10.7226,-100.93700000000001,-14.095
125,-21.7266,2,47.982,15728640,-91.3221,-4.32359,-97.7529,-10.7544,-100.35600000000001,-13.3575,-91.0798,-4.23412,-97.9037,-11.058,-100.396,-13.5507
126,26.8015,2,100.0,7202352,-91.4184,-4.3695900000000005,-100.706,-13.6568,-97.4575,-10.4087,-91.1795,-4.27712,-100.73200000000001,-13.8293,-97.6166,-10.7142
127,2.26888,2,100.0,10903440,-91.348,-4.31303,-99.0688,-12.0338,-98.7933,-11.7583,-91.102,-4.22578,-99.1635,-12.2873,-98.9003,-12.024000000000001
128,-9.65288,2,100,15677496,-91.2977,-4.29887,-98.3922,-11.3934,-99.5519,-12.5531,-91.0517,-4.2119,-98.5178,-11.678,-99.6262,-12.7864
129,-21.0705,2,48.665,15728640,-91.3384,-4.32876,-97.7742,-10.7646,-100.30799999999999,-13.298,-91.0961,-4.23909,-97.9239,-11.067,-100.35,-13.4927
130,19.6805,2,100.0,7025696,-91.37100000000001,-4.33908,-100.205,-13.173,-97.8221,-10.7902,-91.1287,-4.24905,-100.251,-13.370999999999999,-97.9694,-11.0897
131,-31.7369,2,42.5761,15728640,-91.2501,-4.31021,-97.3716,-10.4317,-101.081,-14.1414,-91.0111,-4.22064,-97.535,-10.7445,-101.095,-14.3047
132,-9.909839999999999,2,57.023999999999994,15728640,-91.2948,-4.29805,-98.3795,-11.3827,-99.5693,-12.5726,-91.0488,-4.2111,-98.5057,-11.668,-99.6429,-12.8052
133,-16.3435,2,50.76,15728640,-91.4402,-4.36051,-97.9513,-10.8716,-99.9598,-12.8801,-91.1979,-4.269830000000001,-98.0923,-11.1642,-100.015,-13.0866
134,-42.1698,2,38.617,15728640,-91.2647,-4.32026,-97.041,-10.0965,-101.875,-14.931,-91.0314,-4.23056,-97.2078,-10.4069,-101.86399999999999,-15.0632
135,8.13598,2,100.0,8278216,-91.3131,-4.30325,-99.4498,-12.4399,-98.4691,-11.4592,-91.0671,-4.21619,-99.5283,-12.6774,-98.5911,-11.7401
136,-45.8496,2,38.493,15728640,-91.3023,-4.3312800000000005,-96.9419,-9.97092,-102.17200000000001,-15.2007,-91.0716,-4.24159,-97.1072,-10.2772,-102.152,-15.3222
137,-5.16293,2,100.0,13952928,-91.3357,-4.30961,-98.6284,-11.6023,-99.2537,-12.2276,-91.0897,-4.22241,-98.7429,-11.8756,-99.3405,-12.4732
138,-35.9774,2,38.931999999999995,15728640,-91.3176,-4.34084,-97.1751,-10.1984,-101.397,-14.4199,-91.0817,-4.24949,-97.3418,-10.5096,-101.4,-14.5674
139,-22.1213,2,48.052,15728640,-91.3121,-4.3204,-97.7405,-10.7487,-100.385,-13.3935,-91.0698,-4.23104,-97.8919,-11.0531,-100.425,-13.5858
140,16.6815,2,100.0,6959088,-91.4338,-4.35855,-99.9845,-12.9093,-97.9373,-10.8621,-91.1915,-4.267919999999999,-100.038,-13.1149,-98.079,-11.1554
141,-32.8717,2,41.7261,15728640,-91.443,-4.38882,-97.1938,-10.1396,-101.15700000000001,-14.1027,-91.2072,-4.29482,-97.3596,-10.4472,-101.167,-14.2545
142,-27.4305,2,45.0471,15728640,-91.3986,-4.36271,-97.4435,-10.4077,-100.75399999999999,-13.7179,-91.1597,-4.2705400000000004,-97.6034,-10.7142,-100.77799999999999,-13.889000000000001
143,27.153000000000002,2,100.0,7166152,-91.4074,-4.3657699999999995,-100.73200000000001,-13.6909,-97.4496,-10.408,-91.1685,-4.27347,-100.758,-13.8627,-97.6091,-10.7141
144,-50.7213,2,38.244,15728640,-91.2483,-4.297630000000001,-96.927,-9.97635,-102.565,-15.6139,-91.0197,-4.21125,-97.0868,-10.2783,-102.535,-15.727
145,-35.0759,2,40.097,15728640,-91.3552,-4.3553,-97.1781,-10.1782,-101.32700000000001,-14.3274,-91.1194,-4.26313,-97.3447,-10.4885,-101.33200000000001,-14.4762
146,2.26867,2,100.0,10938192,-91.348,-4.31303,-99.0688,-12.0338,-98.7933,-11.7583,-91.102,-4.22578,-99.1635,-12.2873,-98.9003,-12.024000000000001
147,-56.669,2,37.019,15728640,-91.31200000000001,-4.29411,-96.89299999999999,-9.875119999999999,-103.07700000000001,-16.0591,-91.0874,-4.21044,-97.0427,-10.1657,-103.037,-16.1599
148,-46.1647,2,38.457,15728640,-91.285,-4.32378,-96.9495,-9.98833,-102.196,-15.2345,-91.0542,-4.2346,-97.1144,-10.2948,-102.176,-15.3559
149,18.7746,2,100.0,6963432,-91.3911,-4.3453599999999994,-100.13799999999999,-13.0925,-97.8552,-10.8095,-91.1488,-4.25512,-100.186,-13.2927,-98.0009,-11.1072
150,11.2811,2,100.0,7021352,-91.2782,-4.29328,-99.6628,-12.6779,-98.3131,-11.3282,-91.0322,-4.20646,-99.7326,-12.9069,-98.4425,-11.6168
151,-28.2145,2,44.6481,15728640,-91.3732,-4.35385,-97.4274,-10.408,-100.814,-13.7942,-91.1343,-4.26209,-97.588,-10.7157,-100.836,-13.9639
152,0.316861,2,100.0,11902560,-91.3509,-4.31383,-98.9479,-11.9109,-98.9094,-11.8724,-91.1049,-4.22656,-99.04799999999999,-12.1697,-99.0112,-12.1329
153,-13.6487,2,52.9221,15728640,-91.4866,-4.3745199999999995,-98.0696,-10.9576,-99.7639,-12.6518,-91.2443,-4.28348,-98.205,-11.2441,-99.8262,-12.8654
154,4.64356,2,100.0,9634992,-91.3386,-4.31042,-99.2201,-12.1918,-98.6573,-11.6291,-91.0926,-4.22321,-99.3083,-12.4388,-98.7705,-11.901
155,-1.23361,2,100.0,12127000,-91.3501,-4.31361,-98.8544,-11.8179,-99.0043,-11.9678,-91.1041,-4.22634,-98.9586,-12.0809,-99.1019,-12.2241
156,-1.41874,2,100.0,11740384,-91.3498,-4.31353,-98.8434,-11.8071,-99.0158,-11.9795,-91.1038,-4.22626,-98.9481,-12.0706,-99.1128,-12.2353
157,17.9144,2,100.0,7015560,-91.4092,-4.351,-100.075,-13.0167,-97.88799999999999,-10.8298,-91.167,-4.2605900000000005,-100.126,-13.2191,-98.0321,-11.1257
158,15.7388,2,100.0,6957640,-91.4513,-4.36391,-99.9156,-12.8282,-97.9768,-10.8894,-91.2091,-4.27313,-99.9722,-13.0363,-98.1166,-11.1807
159,9.778319999999999,2,100.0,7520912,-91.2963,-4.29847,-99.5604,-12.5626,-98.38600000000001,-11.3882,-91.0503,-4.21152,-99.6343,-12.7956,-98.5118,-11.6731
160,14.0697,2,100.0,6961984,-91.4799,-4.37252,-99.7943,-12.687000000000001,-98.0504,-10.943,-91.2376,-4.28153,-99.8555,-12.8994,-98.1866,-11.2305
161,13.8561,2,100.0,6964880,-91.4833,-4.37354,-99.7789,-12.6691,-98.0601,-10.9503,-91.2411,-4.28253,-99.8407,-12.8821,-98.1959,-11.2374
162,19.5864,2,100.0,7021352,-91.3731,-4.33975,-100.198,-13.1646,-97.8255,-10.7921,-91.1309,-4.2497,-100.244,-13.3629,-97.9726,-11.0915
163,5.6275,2,100.0,9265752,-91.3329,-4.30881,-99.28399999999999,-12.2599,-98.6028,-11.5787,-91.0869,-4.22163,-99.3694,-12.5042,-98.7185,-11.8532
164,-56.8598,2,36.999,15728640,-91.2988,-4.28785,-96.9037,-9.89276,-103.09100000000001,-16.0801,-91.0742,-4.204619999999999,-97.0529,-10.1833,-103.051,-16.180999999999997
165,-33.2694,2,41.5581,15728640,-91.4276,-4.382969999999999,-97.1901,-10.1455,-101.18799999999999,-14.1431,-91.1918,-4.289280000000001,-97.3561,-10.4535,-101.197,-14.2944
166,7.41148,2,100.0,8577952,-91.3196,-4.30507,-99.4015,-12.387,-98.5069,-11.4924,-91.0736,-4.217969999999999,-99.48200000000001,-12.6264,-98.6271,-11.7715
167,-28.6181,2,44.5031,15728640,-91.3599,-4.34917,-97.4196,-10.4088,-100.844,-13.8337,-91.12100000000001,-4.257630000000001,-97.5806,-10.7172,-100.866,-14.0025
168,-23.883000000000003,2,46.832,15728640,-91.2653,-4.30527,-97.6887,-10.7287,-100.516,-13.5557,-91.023,-4.2165300000000006,-97.8427,-11.0363,-100.55,-13.7439
169,-13.4772,2,55.0251,15728640,-91.4892,-4.37531,-98.0776,-10.9636,-99.7515,-12.6375,-91.24700000000001,-4.28426,-98.2125,-11.2498,-99.8143,-12.8516
170,-20.0749,2,49.159,15728640,-91.36200000000001,-4.33624,-97.8081,-10.7824,-100.234,-13.2083,-91.1197,-4.2463,-97.9562,-11.0828,-100.279,-13.4054
171,-7.553999999999999,2,100.0,14953496,-91.3184,-4.30473,-98.4994,-11.4858,-99.411,-12.3974,-91.0723,-4.217630000000001,-98.6199,-11.7652,-99.4911,-12.6364
172,-25.4561,2,46.0341,15728640,-91.4591,-4.38365,-97.4902,-10.4147,-100.603,-13.5272,-91.2203,-4.29058,-97.6477,-10.718,-100.632,-13.7024
173,-3.75125,2,100.0,13499704,-91.3429,-4.31162,-98.7077,-11.6764,-99.1627,-12.1314,-91.0969,-4.22438,-98.8185,-11.946,-99.2534,-12.3808
174,-35.3981,2,39.486999999999995,15728640,-91.3419,-4.35018,-97.1768,-10.1851,-101.352,-14.3605,-91.10600000000001,-4.2583,-97.3435,-10.4957,-101.35600000000001,-14.5087
175,26.0902,2,100.0,7190768,-91.4402,-4.37714,-100.65100000000001,-13.5881,-97.4743,-10.4112,-91.2014,-4.28434,-100.679,-13.7621,-97.6326,-10.7156
176,20.9324,2,100.0,6972120,-91.3417,-4.32982,-100.29700000000001,-13.2855,-97.7788,-10.767000000000001,-91.0994,-4.24012,-100.34,-13.4805,-97.9283,-11.069
177,-43.3925,2,38.493,15728640,-91.4329,-4.38819,-96.8916,-9.84687,-101.98299999999999,-14.9383,-91.2025,-4.29477,-97.0593,-10.1515,-101.96799999999999,-15.0605
178,25.6778,2,100.0,7129952,-91.4526,-4.3814,-100.62,-13.5484,-97.4845,-10.4134,-91.2138,-4.2884199999999995,-100.649,-13.7232,-97.6423,-10.717
179,-0.355375,2,100.0,12148720,-91.3509,-4.31383,-98.9071,-11.8701,-98.9503,-11.9132,-91.1049,-4.22656,-99.009,-12.1307,-99.0502,-12.1719
180,-2.7588,2,100.0,13052272,-91.3466,-4.31264,-98.7647,-11.7308,-99.0997,-12.0657,-91.1006,-4.22539,-98.87299999999999,-11.9978,-99.193,-12.3178
181,-50.3839,2,38.246,15728640,-91.2688,-4.306830000000001,-96.9145,-9.95252,-102.539,-15.5773,-91.0403,-4.21981,-97.0749,-10.2544,-102.51100000000001,-15.6902
182,29.1209,2,100.0,7184976,-91.34299999999999,-4.34322,-100.883,-13.8829,-97.4103,-10.4106,-91.1041,-4.2519599999999995,-100.90299999999999,-14.0509,-97.5718,-10.7197
183,-34.0649,2,40.989,15728640,-91.3962,-4.371,-97.1838,-10.1586,-101.249,-14.2241,-91.1604,-4.27796,-97.3501,-10.4677,-101.257,-14.3742
184,-53.7615,2,37.913000000000004,15728640,-91.2826,-4.2987,-96.8967,-9.91276,-102.824,-15.84,-91.0561,-4.213419999999999,-97.0519,-10.2092,-102.789,-15.9462
185,-11.7258,2,54.9681,15728640,-91.2723,-4.2916,-98.2922,-11.3115,-99.6933,-12.7126,-91.0263,-4.20481,-98.4225,-11.600999999999999,-99.7618,-12.9403
186,-38.2865,2,38.578,15728640,-91.4495,-4.3963,-97.008,-9.95479,-101.57600000000001,-14.5228,-91.2166,-4.301880000000001,-97.1764,-10.2617,-101.573,-14.6581
187,-36.3471,2,38.731,15728640,-91.3019,-4.33479,-97.1745,-10.2074,-101.425,-14.4579,-91.066,-4.24379,-97.3412,-10.519,-101.427,-14.605
188,-51.8299,2,37.924,15728640,-91.4058,-4.3565,-96.8108,-9.76154,-102.679,-15.6297,-91.1797,-4.267180000000001,-96.97,-10.0575,-102.647,-15.7346
189,-52.3816,2,38.132,15728640,-91.3711,-4.34009,-96.8344,-9.803360000000001,-102.721,-15.6896,-91.1449,-4.25191,-96.9925,-10.0995,-102.68799999999999,-15.7949
190,-14.9006,2,52.2991,15728640,-91.4661,-4.36837,-98.0132,-10.9155,-99.8546,-12.7569,-91.2238,-4.277480000000001,-98.1512,-11.2049,-99.9135,-12.9672
191,23.778000000000002,2,100.0,7025696,-91.2682,-4.30621,-100.508,-13.5459,-97.6916,-10.7297,-91.0259,-4.21743,-100.54299999999999,-13.7344,-97.8455,-11.037
192,-0.428192,2,100,12154512,-91.3509,-4.31382,-98.9027,-11.8657,-98.9547,-11.9177,-91.1048,-4.22655,-99.0048,-12.1265,-99.0545,-12.1762
193,-4.9824,2,100.0,14016640,-91.3368,-4.3099,-98.6384,-11.6115,-99.242,-12.2151,-91.0908,-4.2227,-98.7524,-11.8844,-99.3293,-12.4612
194,-34.0971,2,42.0671,15728640,-91.3949,-4.3705099999999995,-97.1836,-10.1592,-101.25200000000001,-14.2274,-91.1591,-4.27749,-97.3499,-10.4683,-101.259,-14.3775
195,-59.5756,2,36.861,15728640,-91.3286,-4.27992,-96.9224,-9.87377,-103.333,-16.284000000000002,-91.1057,-4.1986099999999995,-97.0653,-10.1582,-103.288,-16.3806
196,-13.470999999999998,2,53.3191,15728640,-91.4893,-4.3753400000000005,-98.0779,-10.9639,-99.751,-12.637,-91.2471,-4.28429,-98.2128,-11.25,-99.8139,-12.8511
197,-58.815,2,36.871,15728640,-91.3835,-4.306780000000001,-96.8734,-9.79673,-103.277,-16.2004,-91.1608,-4.22359,-97.0184,-10.0812,-103.23299999999999,-16.296
198,-0.715644,2,100.0,12242840,-91.3507,-4.31377,-98.8854,-11.8485,-98.9724,-11.9355,-91.1047,-4.2265,-98.9882,-12.1101,-99.0713,-12.1932
199,-8.41182,2,100.0,15273504,-91.3105,-4.30251,-98.4549,-11.4469,-99.4683,-12.4603,-91.0645,-4.21547,-98.5775,-11.7285,-99.546,-12.697000000000001
200,-54.6367,2,37.008,15728640,-91.4492,-4.36059,-96.78399999999999,-9.69545,-102.926,-15.8372,-91.2251,-4.27225,-96.9385,-9.9857,-102.889,-15.9358
