nRun,angle,targetCellId,downloadTime,rxBytes,rsrp1,rsrq1,rsrp2,rsrq2,rsrp3,rsrq3,previousrsrp1,previousrsrq1,previousrsrp2,previousrsrq2,previousrsrp3,previousrsrq3
1,-59.5059,2,34.8141,15728640,-91.2667,-6.788710000000001,-89.8863,-5.40835,-110.477,-25.9989,-91.0732,-6.592289999999999,-90.0385,-5.55759,-110.426,-25.9447
2,-43.5576,2,100.0,14904264,-101.884,-3.80516,-109.943,-11.8642,-116.182,-18.1028,-101.865,-3.80701,-109.906,-11.8486,-116.17200000000001,-18.1146
3,-50.6608,2,40.318000000000005,15728640,-91.9214,-6.72352,-104.71600000000001,-19.5181,-90.7886,-5.590730000000001,-91.6634,-6.58507,-104.86200000000001,-19.784000000000002,-90.76799999999999,-5.68973
4,-12.9374,2,55.5561,15728640,-91.3774,-7.5289399999999995,-97.6837,-13.8353,-89.3482,-5.49982,-91.0637,-7.27866,-97.8067,-14.0216,-89.4218,-5.63668
5,-20.8164,2,100.0,1836064,-120.37299999999999,-16.3546,-107.545,-3.52629,-120.818,-16.7992,-120.344,-16.364,-107.505,-3.52454,-120.78399999999999,-16.8041
6,-34.1306,2,43.8901,15728640,-91.5779,-4.243930000000001,-96.6392,-9.30527,-109.555,-22.2215,-91.2924,-4.14268,-96.7851,-9.63536,-109.57600000000001,-22.4265
7,28.7827,2,100.0,6232192,-91.3643,-3.8281199999999997,-105.887,-18.3512,-99.029,-11.4929,-91.1147,-3.7647800000000005,-105.912,-18.5618,-99.1855,-11.8356
8,29.8063,2,100.0,4640840,-93.9601,-4.41025,-109.169,-19.6194,-98.5326,-8.98275,-93.6635,-4.2961800000000006,-109.20200000000001,-19.8348,-98.6743,-9.307
9,-32.8272,2,47.73,15728640,-91.7162,-5.83084,-92.2195,-6.33409,-108.10799999999999,-22.2228,-91.3465,-5.60193,-92.346,-6.60146,-108.147,-22.401999999999997
10,-4.90765,2,100.0,10587776,-93.6824,-3.5931699999999998,-105.199,-15.11,-105.11399999999999,-15.0245,-93.2251,-3.52739,-105.303,-15.6053,-105.205,-15.5069
11,15.2707,2,100.0,6604328,-95.3962,-4.1537,-110.728,-19.4859,-101.079,-9.83698,-95.1993,-4.078,-110.771,-19.6495,-101.23100000000001,-10.1098
12,-17.3718,2,100.0,13676360,-91.3071,-3.29229,-104.678,-16.6633,-108.208,-20.1937,-91.0648,-3.27074,-104.821,-17.0271,-108.26100000000001,-20.4665
13,10.7748,2,100.0,6682520,-91.3435,-4.17092,-102.12200000000001,-14.9496,-97.8788,-10.7063,-91.0975,-4.089519999999999,-102.193,-15.1853,-98.007,-10.999
14,-50.2596,2,30.601999999999997,15728640,-91.2572,-5.2998,-93.4153,-7.457889999999999,-101.964,-16.0064,-91.1008,-5.16099,-93.6407,-7.70097,-101.913,-15.9736
15,-42.3237,2,43.7861,15728640,-93.6308,-3.8913300000000004,-109.257,-19.5173,-100.699,-10.9599,-93.3642,-3.8406800000000003,-109.40700000000001,-19.884,-100.698,-11.1743
16,-6.22907,2,51.004,15728640,-91.1927,-6.06034,-91.2184,-6.08599,-107.471,-22.3387,-91.0204,-5.9184,-91.3334,-6.2314,-107.531,-22.4291
17,23.2071,2,100.0,7151672,-93.29700000000001,-3.29132,-109.696,-19.6906,-106.97200000000001,-16.9662,-93.1065,-3.2724599999999997,-109.712,-19.8779,-107.15299999999999,-17.3185
18,-15.3347,2,49.467,15728640,-91.2393,-6.10315,-91.1131,-5.97694,-112.14399999999999,-27.0083,-91.0292,-5.92505,-91.2608,-6.15656,-112.19200000000001,-27.0882
19,-28.5646,2,43.7311,15728640,-91.4372,-18.5223,-76.0569,-3.14189,-103.59299999999999,-30.6783,-91.2114,-18.1406,-76.2245,-3.15372,-103.611,-30.5397
20,14.8536,2,100.0,5495160,-91.5145,-4.54511,-96.2237,-9.25425,-102.223,-15.2539,-91.101,-4.40327,-96.2981,-9.600389999999999,-102.339,-15.6414
21,22.3531,2,100.0,6077256,-91.4286,-3.8335199999999996,-98.7898,-11.1947,-107.556,-19.9609,-91.1064,-3.7695199999999995,-98.8433,-11.5063,-107.68799999999999,-20.351
22,16.5959,2,100.0,5241760,-91.4389,-3.59216,-101.117,-13.2701,-106.00399999999999,-18.1577,-91.0548,-3.53643,-101.18700000000001,-13.6685,-106.124,-18.6056
24,-12.2786,2,100.0,15592064,-91.2671,-4.13592,-99.311,-12.1799,-99.8583,-12.7271,-91.1321,-4.09101,-99.4369,-12.3958,-99.85600000000001,-12.815
25,-53.4657,2,40.673,15728640,-91.505,-3.3561300000000003,-104.402,-16.253,-106.609,-18.4605,-91.2331,-3.33045,-104.539,-16.6364,-106.588,-18.6852
26,20.8991,2,100.0,5542944,-91.4623,-4.39346,-105.524,-18.455,-96.2116,-9.14273,-91.1728,-4.2836,-105.57600000000001,-18.687,-96.3484,-9.45923
27,-40.6004,2,33.4241,15728640,-91.3118,-12.7797,-82.2999,-3.7677300000000002,-94.18,-15.6478,-91.1403,-12.4349,-82.5323,-3.82685,-94.1477,-15.4423
28,-28.0667,2,37.2,15728640,-91.303,-4.3499300000000005,-96.1075,-9.15442,-106.559,-19.6062,-91.1459,-4.25325,-96.3488,-9.45619,-106.542,-19.6491
29,-2.0749299999999997,2,68.789,15728640,-91.5028,-5.1052599999999995,-96.8902,-10.4926,-96.3197,-9.92218,-91.1452,-4.935969999999999,-96.9936,-10.7844,-96.4161,-10.2069
30,-37.7472,2,29.799,15728640,-91.2438,-11.7613,-83.1496,-3.6671300000000002,-104.10600000000001,-24.6232,-91.0991,-11.3683,-83.4647,-3.73388,-104.064,-24.3334
31,-7.400530000000001,2,100.0,12445560,-103.30799999999999,-3.30241,-115.90799999999999,-15.9024,-126.81299999999999,-26.808000000000003,-103.279,-3.3026400000000002,-115.869,-15.8933,-126.777,-26.8014
32,-24.9582,2,51.7841,15728640,-99.024,-12.14,-103.244,-16.3596,-90.698,-3.8140300000000003,-98.6045,-11.7218,-103.36399999999999,-16.4811,-90.7549,-3.8723300000000003
33,-42.9097,2,33.1931,15728640,-91.3072,-11.3745,-84.0275,-4.09475,-94.1877,-14.2549,-91.1369,-11.0542,-84.2587,-4.17605,-94.1513,-14.0686
35,-6.838889999999999,2,100.0,13435992,-91.3571,-3.70744,-101.964,-14.3142,-101.988,-14.3388,-91.0856,-3.6542800000000004,-102.081,-14.6492,-102.073,-14.6418
36,14.005999999999998,2,100.0,9028280,-91.2726,-13.6994,-81.153,-3.5797800000000004,-94.8426,-17.2694,-91.1054,-13.5167,-81.1808,-3.59211,-94.99700000000001,-17.4083
37,-32.7851,2,100.0,0,-112.589,-7.89973,-118.46,-13.7705,-110.189,-5.49948,-112.571,-7.89648,-118.432,-13.757,-110.177,-5.50263
38,-51.886,2,40.611,15728640,-91.5123,-5.097980000000001,-94.3235,-7.9092199999999995,-101.829,-15.4149,-91.2394,-4.95409,-94.4626,-8.17726,-101.811,-15.5254
39,18.105,2,100.0,6043952,-91.5127,-4.549519999999999,-95.6929,-8.72973,-105.213,-18.2496,-91.1946,-4.43762,-95.7553,-8.99831,-105.34200000000001,-18.5845
40,25.5826,2,100.0,5427104,-91.5006,-3.273,-104.214,-15.9864,-112.40100000000001,-24.1738,-91.1558,-3.25031,-104.26299999999999,-16.3576,-112.531,-24.625999999999998
41,-40.986999999999995,2,36.523,15728640,-91.3285,-4.55293,-95.7867,-9.01111,-103.036,-16.2606,-91.1153,-4.44775,-95.9678,-9.30028,-103.02,-16.3528
42,29.3246,2,100.0,6505864,-91.4421,-4.36998,-100.84899999999999,-13.777000000000001,-97.4239,-10.3518,-91.1596,-4.26812,-100.88,-13.9888,-97.5693,-10.6779
43,-10.4179,2,100.0,5335880,-122.226,-10.0667,-118.396,-6.23658,-122.831,-10.672,-122.197,-10.0679,-118.35700000000001,-6.22802,-122.796,-10.667
44,-24.345,2,57.906000000000006,15728640,-91.8801,-4.1916,-107.01299999999999,-19.3241,-97.3909,-9.70237,-91.6266,-4.12178,-107.163,-19.6584,-97.4274,-9.92263
45,-6.5522,2,100.0,9865224,-92.7848,-4.07736,-108.323,-19.616,-98.8116,-10.1041,-92.5933,-4.02084,-108.443,-19.8707,-98.881,-10.3085
47,-47.8375,2,35.1121,15728640,-91.2742,-4.835719999999999,-99.7334,-13.2949,-95.4858,-9.047310000000001,-91.0808,-4.76199,-99.9234,-13.6046,-95.4505,-9.131639999999999
48,-51.5817,2,22.3721,15728640,-89.1989,-12.8704,-79.8146,-3.4860599999999997,-112.961,-36.6324,-89.0843,-12.6438,-79.9536,-3.51305,-112.90100000000001,-36.4601
49,-0.21704099999999998,2,100.0,0,-126.691,-13.5484,-125.59,-12.4475,-118.35600000000001,-5.21291,-126.721,-13.5482,-125.62799999999999,-12.4557,-118.39299999999999,-5.22098
50,-26.9985,2,43.6261,15728640,-91.4124,-4.7554099999999995,-103.796,-17.1389,-95.0167,-8.35968,-91.2013,-4.67593,-103.97,-17.445,-95.0322,-8.506739999999999
51,-8.722480000000001,2,100.0,12600496,-93.3317,-3.2787,-106.465,-16.4119,-111.844,-21.791,-92.8778,-3.24737,-106.573,-16.9425,-111.929,-22.2988
52,8.74868,2,100.0,7053208,-91.5531,-3.89546,-99.1959,-11.5383,-104.294,-16.6361,-91.0991,-3.8001300000000002,-99.2811,-11.9821,-104.402,-17.1027
53,-36.8437,2,39.035,15728640,-91.2488,-5.36031,-99.8822,-13.9937,-93.6129,-7.72434,-91.0096,-5.24875,-100.04700000000001,-14.2863,-93.615,-7.854089999999999
54,-0.353493,2,100.0,7535392,-91.4995,-3.5739699999999996,-104.391,-16.4659,-102.13,-14.2044,-91.1713,-3.52406,-104.493,-16.8455,-102.23,-14.5827
55,17.834,2,100.0,4231056,-91.5046,-4.8356900000000005,-99.5798,-12.9108,-95.8725,-9.20354,-91.066,-4.6576699999999995,-99.6498,-13.2415,-95.9884,-9.58013
56,-47.1817,2,30.451999999999998,15728640,-91.1936,-9.61411,-86.191,-4.6115,-95.0681,-13.4886,-91.041,-9.32818,-86.4435,-4.73062,-95.0195,-13.3067
57,22.6116,2,100.0,7370320,-91.2383,-7.02455,-104.06700000000001,-19.852999999999998,-89.5735,-5.3597,-91.01899999999999,-6.80143,-104.09700000000001,-19.8796,-89.7353,-5.51766
59,-47.5577,2,34.8381,15728640,-91.2372,-6.728339999999999,-92.5153,-8.00644,-93.3971,-8.88818,-91.0482,-6.570360000000001,-92.7103,-8.23245,-93.3607,-8.88287
60,-32.9566,2,22.3531,15728640,-88.6657,-9.002880000000001,-83.975,-4.31211,-104.182,-24.5188,-88.5546,-8.472719999999999,-84.595,-4.51308,-104.126,-24.0438
61,29.0732,2,100.0,12570088,-120.632,-15.9721,-212.919,-108.259,-108.024,-3.3644199999999995,-120.603,-15.982000000000001,-212.887,-108.266,-107.984,-3.3627
62,-31.372,2,38.194,15728640,-91.3569,-5.82072,-95.74799999999999,-10.2118,-93.9892,-8.45302,-91.1739,-5.69888,-95.9563,-10.4812,-93.9805,-8.5055
63,19.0308,2,100.0,3042248,-91.5146,-6.167730000000001,-96.9543,-11.6075,-92.5809,-7.2340800000000005,-91.2297,-5.9661800000000005,-97.0104,-11.7469,-92.7165,-7.4530199999999995
64,-21.1584,2,50.586999999999996,15728640,-91.3825,-3.9385,-98.0712,-10.6271,-107.728,-20.2839,-91.088,-3.86041,-98.2072,-10.9797,-107.78,-20.5529
65,21.4765,2,22.3931,15728640,-103.234,-40.2465,-202.88099999999997,-139.894,-65.9987,-3.01113,-103.124,-40.0126,-202.83,-139.719,-66.1229,-3.01117
66,28.6331,2,100.0,8540304,-91.2526,-12.3434,-82.4592,-3.54998,-119.48299999999999,-40.5738,-91.0658,-12.179,-82.4589,-3.57211,-119.681,-40.7945
67,-17.064,2,22.3801,15728640,-87.7327,-3.15351,-167.40900000000002,-82.8302,-102.516,-17.9364,-87.6232,-3.15152,-167.46900000000002,-82.9974,-102.46700000000001,-17.9958
68,22.1874,2,100.0,5666024,-91.5805,-7.825410000000001,-90.2547,-6.499569999999999,-93.3042,-9.54912,-91.1528,-7.491439999999999,-90.3168,-6.65545,-93.42299999999999,-9.76158
69,15.2108,2,100.0,11899664,-125.455,-17.7674,-129.542,-21.8546,-111.166,-3.47845,-125.426,-17.7752,-129.507,-21.8571,-111.126,-3.4758400000000003
70,-42.2467,2,44.1171,15728640,-96.2019,-4.86474,-100.16799999999999,-8.830680000000001,-105.087,-13.7495,-95.8534,-4.71494,-100.29,-9.15172,-105.109,-13.9703
71,6.21331,2,100.0,7665712,-91.3039,-4.71192,-101.289,-14.6975,-95.522,-8.930069999999999,-91.069,-4.60302,-101.37200000000001,-14.9058,-95.6399,-9.173969999999999
72,-3.47833,2,100.0,8848728,-91.2872,-5.18229,-95.5723,-9.46734,-96.8876,-10.7827,-91.1069,-5.07701,-95.6771,-9.64725,-96.9633,-10.9335
73,7.79214,2,100.0,10854208,-91.2166,-10.998,-85.0176,-4.79895,-90.7121,-10.4935,-91.0361,-10.7859,-85.0768,-4.82655,-90.8361,-10.5859
74,-46.0763,2,29.978,15728640,-91.2371,-10.0971,-85.09899999999999,-3.9590099999999997,-117.4,-36.2597,-91.0891,-9.76357,-85.3699,-4.04439,-117.351,-36.0251
75,-54.1275,2,39.143,15728640,-91.3348,-7.33063,-89.3395,-5.33533,-100.538,-16.534000000000002,-91.0919,-7.09665,-89.4869,-5.49164,-100.507,-16.512
76,-3.1657599999999997,2,100.0,0,-133.92600000000002,-22.7393,-117.16799999999999,-5.98157,-118.632,-7.4452,-133.955,-22.7357,-117.20700000000001,-5.98747,-118.667,-7.4484
77,-14.87,2,40.476,15728640,-91.25200000000001,-8.322560000000001,-87.5337,-4.60426,-104.904,-21.9741,-91.1168,-8.12528,-87.6838,-4.69222,-104.895,-21.903000000000002
78,-4.5423,2,49.73,15728640,-91.2964,-9.54428,-85.8678,-4.1157,-110.917,-29.1652,-91.1382,-9.34564,-85.9669,-4.1743,-110.97200000000001,-29.1799
79,0.24146199999999998,2,100.0,9455440,-91.179,-8.13921,-88.0475,-5.007709999999999,-98.1634,-15.1236,-91.0225,-7.98128,-88.1206,-5.07937,-98.2388,-15.1976
80,3.9010199999999995,2,22.5331,15728640,-103.73100000000001,-24.1212,-201.27200000000002,-121.662,-82.6545,-3.0444400000000003,-103.62299999999999,-24.0338,-201.236,-121.647,-82.6345,-3.04513
82,-34.293,2,46.283,15728640,-97.1743,-5.55178,-98.7556,-7.13305,-107.271,-15.648,-96.789,-5.33852,-98.8783,-7.42788,-107.309,-15.8587
83,-41.0894,2,45.3831,15728640,-93.3835,-3.1781599999999997,-109.294,-19.0891,-112.338,-22.1327,-93.0891,-3.16404,-109.436,-19.5109,-112.346,-22.4211
84,15.6418,2,100.0,1048352,-94.1805,-3.3615199999999996,-107.208,-16.3894,-108.977,-18.1576,-93.7372,-3.32246,-107.28200000000001,-16.8675,-109.09100000000001,-18.6762
85,-38.3561,2,41.5161,15728640,-91.3996,-4.44621,-96.4452,-9.49178,-102.47,-15.5166,-91.0989,-4.3331,-96.586,-9.82017,-102.485,-15.7195
86,11.6758,2,100.0,8585192,-91.2461,-4.125380000000001,-101.83200000000001,-14.7113,-98.1357,-11.0149,-91.0363,-4.05433,-101.891,-14.9093,-98.2723,-11.2904
87,-37.861999999999995,2,32.9661,15728640,-91.2948,-7.41257,-89.1417,-5.259469999999999,-100.76299999999999,-16.8804,-91.1275,-7.167330000000001,-89.3839,-5.42375,-100.73299999999999,-16.7728
88,7.49016,2,100.0,5208456,-93.0585,-7.7634300000000005,-90.2928,-4.997719999999999,-103.25,-17.9553,-92.6033,-7.40976,-90.3799,-5.1864099999999995,-103.35700000000001,-18.1636
89,-52.4637,2,34.7711,15728640,-91.2857,-5.39596,-93.0167,-7.1269800000000005,-103.501,-17.6115,-91.095,-5.25085,-93.1964,-7.35226,-103.458,-17.614
90,12.1925,2,100.0,7864088,-111.01299999999999,-6.06871,-125.039,-20.0943,-111.36200000000001,-6.417619999999999,-110.984,-6.07256,-125.00399999999999,-20.0922,-111.323,-6.41142
91,11.1661,2,100.0,8349168,-91.2954,-5.350630000000001,-105.32600000000001,-19.3815,-93.0102,-7.0655,-91.0144,-5.1875800000000005,-105.40100000000001,-19.5742,-93.1344,-7.30755
92,-45.6473,2,26.871,15728640,-91.2334,-22.2569,-72.0389,-3.06251,-115.706,-46.7297,-91.1012,-21.8012,-72.3683,-3.06832,-115.652,-46.352
94,-47.18899999999999,2,43.8461,15728640,-93.6175,-5.98365,-107.28,-19.6464,-93.8916,-6.25775,-93.3151,-5.8341400000000005,-107.414,-19.9333,-93.8905,-6.40951
95,3.8897699999999995,2,100.0,8143552,-91.2254,-4.1294900000000005,-98.6467,-11.5508,-100.725,-13.629000000000001,-91.0511,-4.07229,-98.7173,-11.7385,-100.83,-13.8507
96,-6.85532,2,100.0,9057240,-91.3867,-4.7959,-99.3545,-12.7637,-95.9692,-9.37847,-91.1151,-4.67591,-99.4712,-13.032,-96.0539,-9.61465
97,-25.3486,2,43.1471,15728640,-91.3184,-3.75661,-100.61399999999999,-13.0527,-102.916,-15.3544,-91.1364,-3.70985,-100.809,-13.3825,-102.921,-15.4949
98,13.7921,2,100.0,3905256,-91.4432,-4.9627,-104.82700000000001,-18.3468,-94.2751,-7.794639999999999,-91.1852,-4.82726,-104.89200000000001,-18.5344,-94.4077,-8.04975
99,-27.2303,2,48.788999999999994,15728640,-91.5667,-6.27344,-95.0978,-9.80451,-93.2703,-7.97709,-91.2359,-6.061780000000001,-95.23100000000001,-10.0568,-93.3143,-8.14018
100,27.2053,2,23.8831,15728640,-106.529,-44.3075,-202.19400000000002,-139.97299999999998,-65.2317,-3.01063,-106.42399999999999,-44.0579,-202.136,-139.769,-65.3769,-3.01065
101,0.656393,2,22.3661,15728640,-76.3576,-3.41961,-195.037,-122.09899999999999,-86.4096,-13.4716,-76.2487,-3.41215,-195.00900000000001,-122.17200000000001,-86.3844,-13.5479
102,-40.3908,2,35.3101,15728640,-91.2887,-7.62091,-88.539,-4.871180000000001,-113.03399999999999,-29.366,-91.0929,-7.3682,-88.7366,-5.01189,-113.01299999999999,-29.2878
103,-28.0786,2,100.0,5438688,-121.34700000000001,-13.7897,-111.34700000000001,-3.79008,-126.29700000000001,-18.7403,-121.329,-13.7957,-111.321,-3.7875699999999997,-126.285,-18.7517
104,1.59455,2,100.0,15282192,-91.4024,-7.19574,-89.5308,-5.3242,-102.265,-18.058,-91.1983,-7.01512,-89.6221,-5.43895,-102.367,-18.184
105,23.7994,2,100.0,1891088,-91.5184,-4.02551,-105.09700000000001,-17.6042,-98.1196,-10.6268,-91.1911,-3.9363699999999997,-105.148,-17.8933,-98.2517,-10.9971
106,-30.05,2,37.808,15728640,-91.3405,-5.3468,-93.0403,-7.046530000000001,-105.818,-19.8242,-91.1695,-5.192080000000001,-93.2631,-7.28573,-105.805,-19.8279
107,-5.6875599999999995,2,100.0,6718720,-119.463,-7.74499,-118.75299999999999,-7.0347,-123.68799999999999,-11.9698,-119.485,-7.74441,-118.78299999999999,-7.04225,-123.714,-11.9733
108,29.3344,2,22.3641,15728640,-93.0259,-21.454,-204.919,-133.347,-74.6449,-3.0729900000000003,-92.9153,-20.9554,-204.864,-132.905,-75.0405,-3.08068
109,-18.6464,2,100.0,8557680,-91.5689,-5.33745,-102.57700000000001,-16.3455,-93.5838,-7.35232,-91.2627,-5.18625,-102.708,-16.6317,-93.6437,-7.56716
110,12.940999999999999,2,100.0,9086200,-91.3068,-8.93927,-101.98299999999999,-19.6157,-86.7887,-4.42123,-91.1414,-8.71022,-102.01299999999999,-19.5819,-86.9374,-4.50622
111,-10.7992,2,100.0,5797792,-91.4531,-3.9099199999999996,-99.1316,-11.5885,-103.76100000000001,-16.2183,-91.1721,-3.83926,-99.2551,-11.9222,-103.837,-16.5044
112,-32.7332,2,42.6191,15728640,-93.6876,-7.43763,-105.954,-19.704,-91.3549,-5.10496,-93.4417,-7.270460000000001,-106.115,-19.9434,-91.3687,-5.197430000000001
113,14.7427,2,100.0,4206440,-91.4471,-4.08977,-106.09100000000001,-18.7339,-97.5186,-10.1612,-91.1081,-3.9937,-106.163,-19.0482,-97.6409,-10.5265
114,-28.113000000000003,2,37.115,15728640,-91.2135,-4.1119,-96.8133,-9.71171,-110.215,-23.1132,-91.0563,-4.02825,-97.0548,-10.0267,-110.197,-23.169
115,3.5169699999999997,2,100.0,6345136,-91.3258,-5.66331,-95.1497,-9.4872,-95.0245,-9.362039999999999,-91.0836,-5.509930000000001,-95.2406,-9.66698,-95.1348,-9.56119
116,-53.3512,2,100.0,0,-123.109,-18.0477,-108.59899999999999,-3.53744,-120.869,-15.807,-123.088,-18.0741,-108.546,-3.5323300000000004,-120.86399999999999,-15.8502
117,-26.8054,2,43.0291,15728640,-91.3423,-6.5336300000000005,-90.8177,-6.00898,-100.495,-15.6859,-91.1256,-6.33076,-90.9883,-6.19344,-100.51299999999999,-15.718
118,-20.6077,2,100.0,7305160,-91.4991,-3.36029,-104.32700000000001,-16.1882,-106.574,-18.4355,-91.1761,-3.32882,-104.45700000000001,-16.6102,-106.632,-18.7845
119,-17.6168,2,51.075,15728640,-91.4485,-4.49838,-96.3126,-9.36248,-102.33,-15.38,-91.1821,-4.38951,-96.4501,-9.65754,-102.387,-15.5941
120,28.1878,2,100.0,5251896,-91.4531,-3.8484199999999995,-99.2628,-11.6581,-104.775,-17.17,-91.0855,-3.7757400000000003,-99.3094,-11.9996,-104.902,-17.5921
121,-35.5583,2,100.0,7652680,-117.87100000000001,-5.196680000000001,-126.573,-13.8986,-124.273,-11.5984,-117.853,-5.19341,-126.54299999999999,-13.8836,-124.262,-11.6022
122,6.62971,2,100.0,2541240,-127.139,-26.9113,-104.262,-4.03515,-110.31200000000001,-10.0847,-127.12200000000001,-26.9156,-104.241,-4.03505,-110.29,-10.084
123,-11.8908,2,100.0,10629768,-91.4251,-11.2525,-83.9692,-3.79656,-101.264,-21.0917,-91.1112,-10.886,-84.0906,-3.86539,-101.34,-21.115
124,-58.7559,2,100.0,0,-122.146,-18.0446,-114.039,-9.93727,-108.412,-4.310230000000001,-122.12299999999999,-18.0351,-113.969,-9.88204,-108.413,-4.325419999999999
126,-7.316669999999999,2,100.0,8871896,-113.26100000000001,-9.18116,-113.416,-9.3365,-110.09,-6.01004,-113.23200000000001,-9.186060000000001,-113.37799999999999,-9.33207,-110.054,-6.0081
127,-9.1627,2,51.9411,15728640,-91.3408,-12.2716,-82.6833,-3.6140199999999996,-101.61200000000001,-22.5425,-91.1282,-11.9732,-82.8116,-3.65655,-101.68,-22.5249
128,-43.3096,2,46.473,15728640,-94.4552,-4.95478,-97.4315,-7.93106,-106.72200000000001,-17.2214,-94.1121,-4.79634,-97.5536,-8.237789999999999,-106.742,-17.4259
129,27.5945,2,100.0,6896824,-91.2279,-15.3242,-97.4034,-21.4996,-79.2429,-3.33909,-91.0345,-14.9674,-97.4091,-21.342,-79.4323,-3.3651800000000005
130,-23.0471,2,100.0,9078960,-91.272,-4.7918199999999995,-96.4302,-9.95007,-98.2294,-11.7492,-91.0297,-4.67767,-96.583,-10.231,-98.2662,-11.9142
131,-14.7206,2,100.0,9930384,-91.3706,-6.03495,-95.4315,-10.0958,-93.4941,-8.158430000000001,-91.1167,-5.86576,-95.5666,-10.3157,-93.5559,-8.304910000000001
132,-34.8253,2,42.4551,15728640,-91.3264,-3.73795,-101.807,-14.2185,-101.68,-14.0913,-91.0456,-3.6840599999999997,-101.954,-14.5928,-101.698,-14.3364
133,-18.344,2,100.0,0,-116.804,-6.10743,-117.994,-7.29759,-129.572,-18.8759,-116.775,-6.10837,-117.954,-7.287719999999999,-129.53799999999998,-18.872
134,29.8111,2,100.0,6734648,-91.3459,-10.6525,-84.8498,-4.15636,-95.9439,-15.2505,-91.0767,-10.4016,-84.8768,-4.20167,-96.0937,-15.4186
135,23.5183,2,100.0,5337328,-107.406,-4.79547,-110.788,-8.1766,-123.74799999999999,-21.1372,-107.37700000000001,-4.79634,-110.755,-8.17355,-123.708,-21.1267
136,1.01889,2,100.0,3520088,-91.5776,-5.13705,-93.6213,-7.18077,-113.54,-27.0991,-91.2625,-4.9814300000000005,-93.7202,-7.439189999999999,-113.64200000000001,-27.3615
137,19.1798,2,100.0,2177792,-91.4096,-4.49624,-96.2651,-9.35177,-102.363,-15.4493,-91.09200000000001,-4.38649,-96.3251,-9.61963,-102.493,-15.7871
138,-31.2346,2,44.9961,15728640,-91.54899999999999,-5.66955,-92.7241,-6.8446,-102.47,-16.5904,-91.2671,-5.48375,-92.8704,-7.08714,-102.49700000000001,-16.7132
139,-34.5338,2,43.9381,15728640,-91.4925,-4.97529,-94.0731,-7.55588,-108.62899999999999,-22.112,-91.1742,-4.81645,-94.2101,-7.85226,-108.656,-22.2982
140,1.7511900000000002,2,100.0,10289488,-91.5933,-3.9928199999999996,-106.811,-19.2109,-98.1091,-10.5086,-91.3584,-3.92633,-106.90700000000001,-19.4746,-98.2145,-10.7824
141,-40.8354,2,41.042,15728640,-91.4918,-3.37961,-103.275,-15.1625,-108.12100000000001,-20.0092,-91.2054,-3.34869,-103.419,-15.5622,-108.12799999999999,-20.2714
142,-8.63141,2,100.0,8993528,-96.3227,-4.37893,-111.205,-19.2616,-101.061,-9.11726,-96.0878,-4.29626,-111.33,-19.5382,-101.13600000000001,-9.34476
143,3.8420699999999997,2,100.0,4119560,-91.5422,-3.84535,-98.6347,-10.9379,-109.51299999999999,-21.8163,-91.2608,-3.78208,-98.7272,-11.2484,-109.62299999999999,-22.1441
144,29.5353,2,100.0,5457512,-91.6756,-4.79897,-94.7127,-7.83608,-110.927,-24.0505,-91.3231,-4.6691199999999995,-94.7548,-8.10084,-111.057,-24.403000000000002
145,-13.17,2,100.0,7361632,-114.619,-10.2991,-108.855,-4.5351,-118.101,-13.7808,-114.59,-10.306,-108.816,-4.53183,-118.066,-13.7819
146,-8.79541,2,100.0,14078904,-91.5119,-7.15578,-98.6272,-14.2711,-90.0434,-5.68732,-91.245,-6.94318,-98.7484,-14.4466,-90.1227,-5.82089
147,17.456,2,100.0,5343120,-91.4049,-3.50495,-102.956,-15.0562,-104.41799999999999,-16.5176,-91.0532,-3.4595300000000004,-103.023,-15.4291,-104.541,-16.9476
148,-16.0004,2,100.0,21720,-116.87100000000001,-6.61273,-126.145,-15.8868,-117.125,-6.866860000000001,-116.84200000000001,-6.6125300000000005,-126.10600000000001,-15.8761,-117.09100000000001,-6.8614
149,-29.3738,2,49.446999999999996,15728640,-91.6393,-4.73105,-95.3217,-8.41342,-104.08,-17.1716,-91.26100000000001,-4.57546,-95.4474,-8.76186,-104.125,-17.4399
150,-52.5752,2,100.0,5331536,-110.925,-14.7699,-99.6013,-3.4461699999999995,-115.205,-19.0501,-110.904,-14.7965,-99.55,-3.4428400000000003,-115.2,-19.0927
151,1.37962,2,100.0,15707904,-91.4039,-3.8763400000000003,-98.7072,-11.1796,-106.09899999999999,-18.5714,-91.1855,-3.82122,-98.8018,-11.4375,-106.20200000000001,-18.8381
152,-46.0218,2,34.7691,15728640,-91.275,-3.77317,-98.6599,-11.158,-111.861,-24.3592,-91.0864,-3.7147900000000003,-98.8587,-11.487,-111.82700000000001,-24.4553
153,-26.112,2,100.0,14850688,-91.5491,-8.43272,-100.616,-17.4994,-87.8193,-4.70286,-91.1918,-8.143889999999999,-100.744,-17.6963,-87.8688,-4.820880000000001
154,-40.7286,2,45.6011,15728640,-91.4493,-7.56467,-101.869,-17.9843,-88.9886,-5.103940000000001,-91.1338,-7.349880000000001,-102.00399999999999,-18.2204,-89.0025,-5.21852
155,-42.5057,2,37.961999999999996,15728640,-91.2943,-7.700130000000001,-89.3033,-5.70908,-95.7093,-12.1152,-91.0698,-7.465110000000001,-89.4753,-5.87059,-95.6944,-12.0897
156,-2.31725,2,60.082,15728640,-91.37799999999999,-6.9272100000000005,-91.2782,-6.8273600000000005,-94.9417,-10.4909,-91.0966,-6.70281,-91.3846,-6.99079,-95.0377,-10.6439
157,-22.4489,2,22.3731,15728640,-84.4514,-5.25635,-177.195,-98.0002,-86.1446,-6.94955,-84.3415,-5.23284,-177.33900000000003,-98.2307,-86.0932,-6.984489999999999
158,-25.6446,2,44.9041,15728640,-91.2957,-5.7129900000000005,-92.8857,-7.302989999999999,-99.0159,-13.4332,-91.0701,-5.54913,-93.0496,-7.52866,-99.0406,-13.5196
159,-4.6031,2,100.0,13246304,-92.2093,-5.27327,-99.9241,-12.9881,-95.1037,-8.16767,-91.7518,-5.05765,-100.02799999999999,-13.3334,-95.1951,-8.500910000000001
160,8.444289999999999,2,100.0,5771728,-96.7122,-9.18149,-91.7657,-4.23493,-115.00200000000001,-27.4718,-96.2579,-8.778260000000001,-91.8513,-4.371630000000001,-115.11,-27.6305
161,-12.4885,2,100.0,7852504,-91.4048,-3.9845599999999997,-101.18299999999999,-13.7627,-99.7763,-12.3561,-91.0343,-3.89519,-101.3,-14.1608,-99.8537,-12.7146
162,-57.0523,2,39.832,15728640,-91.2922,-7.75069,-100.40899999999999,-16.868,-88.6076,-5.06604,-91.0357,-7.59628,-100.54700000000001,-17.1072,-88.5753,-5.13591
163,-33.3015,2,100.0,9039864,-115.35700000000001,-4.04361,-128.276,-16.9627,-127.976,-16.6629,-115.339,-4.04141,-128.247,-16.95,-127.964,-16.6673
164,-16.7158,2,100.0,11520288,-108.057,-3.5446400000000002,-118.145,-13.6323,-133.908,-29.3951,-108.02799999999999,-3.5448,-118.105,-13.6219,-133.873,-29.3901
165,-25.0988,2,39.253,15728640,-91.3181,-4.04375,-97.4032,-10.1288,-107.96600000000001,-20.6916,-91.1566,-3.9697699999999996,-97.6219,-10.4351,-107.958,-20.7712
166,-32.9666,2,100.0,13398344,-91.7793,-3.5548800000000003,-107.787,-19.5628,-101.454,-13.2298,-91.4595,-3.51292,-107.92399999999999,-19.9773,-101.485,-13.538
167,8.38602,2,22.4261,15728640,-96.5703,-7.32987,-199.518,-110.277,-94.262,-5.02149,-96.4621,-7.26518,-199.476,-110.279,-94.2568,-5.0599099999999995
168,-8.77476,2,100.0,8996424,-115.185,-7.98353,-121.57600000000001,-14.3742,-112.738,-5.53646,-115.156,-7.98647,-121.537,-14.3676,-112.70200000000001,-5.532830000000001
169,-6.5461599999999995,2,63.1691,15728640,-91.7091,-4.55417,-95.6531,-8.49824,-108.141,-20.9859,-91.3081,-4.40845,-95.7611,-8.861410000000001,-108.229,-21.3297
170,-5.58573,2,100.0,6857728,-91.6619,-9.07444,-90.6983,-8.11085,-89.1313,-6.54381,-91.3126,-8.742289999999999,-90.8076,-8.23731,-89.2213,-6.65105
171,-9.25762,2,100.0,12684480,-111.958,-3.9246800000000004,-124.061,-16.0286,-122.03200000000001,-13.9992,-111.929,-3.92394,-124.023,-16.0183,-121.99700000000001,-13.9919
172,-45.4788,2,39.576,15728640,-91.3507,-5.25355,-95.8159,-9.718810000000001,-96.3294,-10.2323,-91.1048,-5.1266099999999994,-95.9735,-9.99532,-96.3152,-10.3371
173,-11.0123,2,48.023,15728640,-91.3225,-7.716239999999999,-88.70299999999999,-5.0967199999999995,-100.29899999999999,-16.6928,-91.1537,-7.51967,-88.8414,-5.20734,-100.338,-16.7045
174,10.2896,2,100.0,8085632,-91.2819,-13.462,-91.413,-13.5931,-81.6796,-3.85969,-91.0803,-13.1646,-91.4737,-13.5581,-81.813,-3.89733
175,23.1969,2,100.0,7076376,-91.3514,-7.0007,-90.4398,-6.08916,-97.0052,-12.6546,-91.1126,-6.8256,-90.4752,-6.188219999999999,-97.1596,-12.8726
176,9.2157,2,82.7931,15728640,-91.5388,-5.06128,-94.0237,-7.5461800000000006,-105.681,-19.2036,-91.2627,-4.93001,-94.1029,-7.77026,-105.802,-19.4696
177,6.03581,2,100.0,9210728,-91.6876,-5.4778400000000005,-96.7998,-10.5901,-95.0981,-8.88842,-91.3225,-5.281969999999999,-96.8892,-10.8486,-95.2072,-9.16671
178,10.3466,2,100.0,3327504,-91.4259,-5.1512199999999995,-94.9313,-8.65662,-98.6323,-12.3577,-91.1498,-5.01231,-95.0076,-8.87018,-98.7556,-12.6181
179,-33.81,2,41.6551,15728640,-91.4118,-3.25848,-105.22200000000001,-17.0686,-109.225,-21.0713,-91.1727,-3.23939,-105.38600000000001,-17.453,-109.234,-21.3003
180,-28.0714,2,38.535,15728640,-91.2308,-5.57279,-92.35799999999999,-6.69992,-106.198,-20.5402,-91.0672,-5.4065,-92.5868,-6.926089999999999,-106.185,-20.5245
181,-56.8358,2,37.348,15728640,-91.4074,-4.59733,-105.584,-18.7738,-95.3627,-8.55269,-91.1902,-4.539630000000001,-105.736,-19.0855,-95.3204,-8.669830000000001
182,-8.36979,2,53.7361,15728640,-91.3724,-5.11355,-96.5581,-10.2992,-96.3302,-10.0714,-91.1783,-5.0051,-96.6849,-10.5117,-96.3942,-10.221
183,-35.1204,2,37.699,15728640,-91.4024,-8.9139,-96.6661,-14.1776,-87.2605,-4.77198,-91.1981,-8.75354,-96.8551,-14.4105,-87.2536,-4.809069999999999
184,-32.7211,2,43.6811,15728640,-91.4102,-4.76463,-94.9485,-8.30298,-104.071,-17.4255,-91.1286,-4.63121,-95.0954,-8.597999999999999,-104.094,-17.5967
185,-27.3975,2,100.0,9889840,-91.6624,-7.45645,-89.2115,-5.00559,-107.8,-23.5942,-91.2866,-7.142410000000001,-89.3375,-5.19332,-107.84899999999999,-23.705
186,-1.33912,2,100.0,11709976,-91.3381,-4.6756,-99.7659,-13.1034,-96.2461,-9.58358,-91.1197,-4.57754,-99.8692,-13.327,-96.3408,-9.79867
187,17.8426,2,100.0,7444168,-91.2711,-3.5248,-106.425,-18.6789,-101.51299999999999,-13.7665,-91.0636,-3.48875,-106.465,-18.8896,-101.669,-14.0936
188,28.8218,2,100.0,15159112,-114.586,-6.02764,-214.565,-106.006,-115.20700000000001,-6.64808,-114.557,-6.0307,-214.533,-106.006,-115.166,-6.63952
189,-13.8021,2,100.0,10130208,-96.8411,-3.60144,-112.666,-19.4268,-106.146,-12.9068,-96.6128,-3.5643800000000003,-112.805,-19.7567,-106.205,-13.1564
190,-28.0682,2,50.394,15728640,-91.3865,-5.8293,-96.4378,-10.8806,-93.6019,-8.04475,-90.9912,-5.6113,-96.5611,-11.1812,-93.6516,-8.27164
191,2.04557,2,100.0,11259648,-112.56299999999999,-9.10515,-108.86,-5.40183,-114.51899999999999,-11.0613,-112.59200000000001,-9.10008,-108.896,-5.40414,-114.55799999999999,-11.0654
192,3.43143,2,64.9771,15728640,-91.3869,-6.05891,-91.3759,-6.04789,-109.814,-24.4859,-91.0951,-5.86871,-91.4696,-6.24317,-109.92200000000001,-24.6959
193,-55.4106,2,44.7101,15728640,-91.3339,-3.24075,-105.035,-16.942,-110.846,-22.753,-91.0424,-3.22173,-105.156,-17.3357,-110.835,-23.014
194,-13.7866,2,57.729,15728640,-91.7093,-7.59225,-89.2948,-5.17773,-100.66,-16.5427,-91.2842,-7.25016,-89.4089,-5.37486,-100.736,-16.7023
195,23.2874,2,100.0,10844072,-113.796,-6.04176,-116.87700000000001,-9.122539999999999,-117.73100000000001,-9.976460000000001,-113.76700000000001,-6.04336,-116.844,-9.12018,-117.69,-9.96679
198,-33.1833,2,39.643,15728640,-91.2948,-4.54605,-99.5622,-12.8135,-96.9095,-10.1607,-91.0802,-4.46512,-99.7415,-13.1265,-96.9112,-10.2962
199,14.2001,2,100.0,4213680,-94.0216,-5.11135,-108.221,-19.3112,-96.3663,-7.456119999999999,-93.6752,-4.93917,-108.294,-19.5583,-96.4873,-7.75128
200,16.5745,2,100.0,6180064,-91.2298,-4.32076,-97.7151,-10.8061,-100.195,-13.2858,-91.0251,-4.248,-97.7571,-10.9799,-100.348,-13.5709
