nRun	angle	targetCellId	downloadTime	rxBytes	rsrp1	rsrq1	rsrp2	rsrq2	rsrp3	rsrq3	previousrsrp1	previousrsrq1	previousrsrp2	previousrsrq2	previousrsrp3	previousrsrq3
201	29.4356	3	39.005	15728640	-91.3322	-4.33943	-100.907	-13.9138	-97.4049	-10.412	-91.0933	-4.24836	-100.926	-14.0812	-97.5666	-10.7217
202	25.0758	3	38.934	15728640	-91.4703	-4.38746	-100.574	-13.4907	-97.5002	-10.4173	-91.2315	-4.29423	-100.604	-13.6668	-97.6572	-10.7199
203	-41.9767	3	100	11327704	-91.2743	-4.32422	-97.0384	-10.0883	-101.861	-14.9106	-91.0411	-4.23426	-97.2054	-10.3986	-101.85	-15.0429
204	29.6202	3	38.826	15728640	-91.3259	-4.33719	-100.921	-13.932	-97.4018	-10.413	-91.087	-4.24623	-100.94	-14.099	-97.5637	-10.7229
205	18.8668	3	39.104	15728640	-91.3891	-4.34474	-100.145	-13.1006	-97.8518	-10.8074	-91.1468	-4.25452	-100.193	-13.3007	-97.9976	-11.1054
206	-43.2454	3	100	11191592	-91.4405	-4.39151	-96.889	-9.8401	-101.972	-14.9226	-91.2101	-4.29788	-97.0569	-10.1447	-101.957	-15.0449
207	-45.6403	3	100	10086768	-91.3137	-4.33623	-96.937	-9.95954	-102.156	-15.1783	-91.0831	-4.24622	-97.1025	-10.2657	-102.137	-15.2998
208	-29.7388	3	100	14113656	-91.3218	-4.33573	-97.3998	-10.4137	-100.93	-13.9436	-91.0829	-4.24485	-97.5618	-10.7238	-100.948	-14.1104
209	29.0865	3	38.834	15728640	-91.3441	-4.34363	-100.88	-13.8795	-97.411	-10.4104	-91.1052	-4.25235	-100.9	-14.0475	-97.5724	-10.7195
210	-1.44859	3	39.171	15728640	-91.3498	-4.31352	-98.8416	-11.8054	-99.0176	-11.9814	-91.1038	-4.22625	-98.9464	-12.0689	-99.1146	-12.2371
211	-47.9431	3	100	10765880	-91.4129	-4.37222	-96.8328	-9.79213	-102.354	-15.3134	-91.1847	-4.28072	-96.997	-10.093	-102.33	-15.4258
212	-52.0879	3	100	10464696	-91.3896	-4.34883	-96.8217	-9.78096	-102.698	-15.6577	-91.1635	-4.26005	-96.9804	-10.077	-102.666	-15.7628
213	-36.3451	3	100	12445560	-91.302	-4.33482	-97.1745	-10.2073	-101.425	-14.4577	-91.066	-4.24382	-97.3412	-10.519	-101.427	-14.6048
214	8.31297	3	39.356	15728640	-91.3115	-4.30278	-99.4617	-12.453	-98.46	-11.4513	-91.0655	-4.21573	-99.5397	-12.6899	-98.5824	-11.7326
215	15.2565	3	39.12	15728640	-91.4599	-4.36651	-99.8805	-12.7871	-97.9976	-10.9042	-91.2177	-4.27566	-99.9384	-12.9964	-98.1364	-11.1944
216	-20.9202	3	43.0161	15728640	-91.342	-4.32992	-97.7792	-10.7672	-100.296	-13.2844	-91.0997	-4.24021	-97.9287	-11.0692	-100.339	-13.4794
217	-54.1324	3	100	9810200	-91.2584	-4.28751	-96.9142	-9.94333	-102.851	-15.8806	-91.0318	-4.20302	-97.0686	-10.2398	-102.816	-15.9871
218	16.7398	3	39.128	15728640	-91.4326	-4.35821	-99.9888	-12.9144	-97.9349	-10.8605	-91.1904	-4.26758	-100.043	-13.1198	-98.0768	-11.1539
219	-23.7746	3	100	15183728	-91.2683	-4.30624	-97.6917	-10.7297	-100.508	-13.5456	-91.026	-4.21746	-97.8456	-11.0371	-100.543	-13.7341
220	-20.5701	3	42.7511	15728640	-91.3504	-4.33257	-97.791	-10.7732	-100.271	-13.2528	-91.1081	-4.24277	-97.9399	-11.0746	-100.314	-13.4487
221	-13.0763	3	40.662	15728640	-91.2531	-4.28604	-98.2303	-11.2633	-99.7865	-12.8195	-91.0071	-4.19941	-98.3637	-11.556	-99.8513	-13.0436
222	-45.1856	3	100	10804976	-91.3384	-4.34693	-96.9268	-9.93536	-102.121	-15.1296	-91.1078	-4.25621	-97.0928	-10.2412	-102.103	-15.2513
223	16.8089	3	39.096	15728640	-91.4313	-4.3578	-99.9938	-12.9203	-97.9321	-10.8586	-91.1891	-4.26719	-100.047	-13.1256	-98.0741	-11.1522
224	-37.7848	3	100	12196504	-91.472	-4.40553	-97.0065	-9.94009	-101.537	-14.4704	-91.2391	-4.31058	-97.1751	-10.2465	-101.535	-14.6062
225	-3.86832	3	39.315	15728640	-91.3424	-4.31147	-98.701	-11.6701	-99.1702	-12.1393	-91.0964	-4.22424	-98.8122	-11.94	-99.2605	-12.3884
226	-21.9701	3	100	15560208	-91.316	-4.32163	-97.7452	-10.7508	-100.374	-13.3797	-91.0737	-4.23223	-97.8964	-11.0549	-100.414	-13.5723
227	-6.81883	3	39.413	15728640	-91.3244	-4.30643	-98.5383	-11.5204	-99.3622	-12.3443	-91.0784	-4.2193	-98.657	-11.7979	-99.4444	-12.5853
228	-19.908	3	42.5931	15728640	-91.3658	-4.33745	-97.814	-10.7856	-100.222	-13.1933	-91.1235	-4.24747	-97.9617	-11.0857	-100.267	-13.3908
229	11.7079	3	39.364	15728640	-91.2726	-4.29167	-99.6921	-12.7112	-98.293	-11.3121	-91.0265	-4.20488	-99.7607	-12.939	-98.4233	-11.6017
230	-15.6773	3	41.018	15728640	-91.4524	-4.36424	-97.9794	-10.8912	-99.9112	-12.823	-91.2102	-4.27346	-98.1191	-11.1824	-99.9679	-13.0312
231	-41.1545	3	100	11479744	-91.3149	-4.34088	-97.0287	-10.0547	-101.798	-14.8238	-91.0817	-4.24986	-97.1961	-10.3642	-101.789	-14.9567
232	-24.6924	3	100	15141736	-91.4813	-4.39123	-97.5105	-10.4204	-100.544	-13.454	-91.2425	-4.29785	-97.667	-10.7223	-100.576	-13.631
233	17.6079	3	39.114	15728640	-91.4155	-4.35294	-100.052	-12.9899	-97.9	-10.8375	-91.1732	-4.26247	-100.104	-13.1931	-98.0435	-11.1328
234	-0.847552	3	39.301	15728640	-91.3506	-4.31374	-98.8775	-11.8407	-98.9805	-11.9437	-91.1045	-4.22646	-98.9807	-12.1026	-99.0791	-12.201
235	6.01753	3	39.35	15728640	-91.3303	-4.30808	-99.3095	-12.2873	-98.5815	-11.5593	-91.0843	-4.22092	-99.3939	-12.5305	-98.6982	-11.8348
236	-43.9436	3	100	11041000	-91.4043	-4.37568	-96.9015	-9.8729	-102.026	-14.997	-91.1738	-4.28307	-97.0687	-10.178	-102.01	-15.119
237	-40.8494	3	100	11459472	-91.3297	-4.34698	-97.0255	-10.0428	-101.774	-14.7917	-91.0966	-4.25558	-97.1931	-10.3521	-101.766	-14.9248
238	-9.7416	3	42.7271	15728640	-91.2967	-4.29859	-98.3878	-11.3897	-99.5579	-12.5598	-91.0507	-4.21163	-98.5136	-11.6745	-99.6319	-12.7929
239	-31.9274	3	100	13606856	-91.243	-4.30767	-97.3693	-10.434	-101.096	-14.1603	-91.004	-4.21823	-97.5329	-10.7471	-101.109	-14.3234
240	-28.9452	3	100	14241080	-91.3489	-4.34531	-97.4135	-10.4099	-100.869	-13.8657	-91.11	-4.25396	-97.5748	-10.7188	-100.89	-14.0339
241	-8.18895	3	39.603	15728640	-91.3126	-4.30311	-98.4664	-11.4569	-99.4534	-12.4438	-91.0666	-4.21605	-98.5884	-11.7379	-99.5317	-12.6811
242	13.9665	3	39.108	15728640	-91.4815	-4.37301	-99.7868	-12.6783	-98.0551	-10.9465	-91.2393	-4.28201	-99.8483	-12.891	-98.1911	-11.2338
243	-39.0901	3	100	10563160	-91.4128	-4.38121	-97.0117	-9.98005	-101.639	-14.6069	-91.1799	-4.2877	-97.1799	-10.2878	-101.634	-14.7414
244	-1.41404	3	39.348	15728640	-91.3498	-4.31353	-98.8437	-11.8074	-99.0155	-11.9792	-91.1038	-4.22627	-98.9484	-12.0708	-99.1125	-12.235
245	-35.6386	3	100	12546920	-91.3319	-4.34633	-97.176	-10.1905	-101.371	-14.3851	-91.096	-4.25466	-97.3427	-10.5014	-101.374	-14.5331
246	-5.15631	3	39.338	15728640	-91.3358	-4.30962	-98.6287	-11.6026	-99.2533	-12.2271	-91.0898	-4.22242	-98.7432	-11.8759	-99.3401	-12.4727
247	-28.8975	3	100	14213568	-91.3505	-4.34588	-97.4144	-10.4097	-100.866	-13.861	-91.1116	-4.25449	-97.5756	-10.7185	-100.886	-14.0294
248	14.6722	3	39.147	15728640	-91.4699	-4.36954	-99.838	-12.7376	-98.0233	-10.9229	-91.2277	-4.27862	-99.8975	-12.9485	-98.1608	-11.2117
249	-51.3014	3	100	10592120	-91.4386	-4.37214	-96.789	-9.72251	-102.639	-15.5724	-91.2126	-4.28174	-96.9491	-10.0183	-102.608	-15.677
250	27.3366	3	38.926	15728640	-91.4016	-4.36375	-100.747	-13.7087	-97.4456	-10.4078	-91.1627	-4.27154	-100.771	-13.8801	-97.6053	-10.7141
251	-56.5437	3	100	9859432	-91.3206	-4.29822	-96.886	-9.86361	-103.068	-16.0454	-91.0961	-4.21426	-97.036	-10.1542	-103.028	-16.146
252	-52.7439	3	100	10069392	-91.3481	-4.32926	-96.8503	-9.83142	-102.748	-15.729	-91.1218	-4.24184	-97.0076	-10.1276	-102.715	-15.8345
253	-54.2669	3	100	9889840	-91.2495	-4.28344	-96.9206	-9.95455	-102.861	-15.8953	-91.0229	-4.19924	-97.0747	-10.2511	-102.826	-16.0019
254	-19.2279	3	42.3231	15728640	-91.3812	-4.34226	-97.8384	-10.7995	-100.172	-13.1327	-91.1389	-4.25212	-97.985	-11.0982	-100.219	-13.3318
255	13.6076	3	39.115	15728640	-91.4872	-4.37471	-99.7609	-12.6484	-98.0715	-10.959	-91.245	-4.28367	-99.8234	-12.8621	-98.2068	-11.2455
256	22.3413	3	39.126	15728640	-91.3065	-4.31858	-100.402	-13.4136	-97.7337	-10.7458	-91.0642	-4.2293	-100.44	-13.6054	-97.8854	-11.0505
257	-53.393	3	100	9905768	-91.3065	-4.3098	-96.8796	-9.88287	-102.796	-15.7998	-91.0801	-4.22374	-97.0356	-10.1792	-102.762	-15.9057
258	-4.00706	3	39.315	15728640	-91.3418	-4.3113	-98.6931	-11.6626	-99.1791	-12.1486	-91.0958	-4.22407	-98.8047	-11.933	-99.269	-12.3973
259	-38.9578	3	100	11928624	-91.4189	-4.38372	-97.0109	-9.97574	-101.628	-14.593	-91.186	-4.29006	-97.1793	-10.2834	-101.624	-14.7277
260	-20.6759	3	42.9021	15728640	-91.3479	-4.33178	-97.7875	-10.7714	-100.278	-13.2623	-91.1056	-4.242	-97.9365	-11.0729	-100.322	-13.458
261	-53.0756	3	100	9949208	-91.3269	-4.31933	-96.8651	-9.85753	-102.773	-15.7651	-91.1006	-4.2326	-97.0218	-10.1538	-102.739	-15.8709
262	0.165046	3	39.292	15728640	-91.3509	-4.31385	-98.9387	-11.9016	-98.9186	-11.8815	-91.1049	-4.22657	-99.0392	-12.1608	-99.02	-12.1416
263	-56.381	3	100	9859432	-91.3318	-4.30356	-96.877	-9.84875	-103.056	-16.0275	-91.1073	-4.21922	-97.0273	-10.1393	-103.016	-16.128
264	12.8773	3	39.358	15728640	-91.2561	-4.2869	-99.7727	-12.8036	-98.2393	-11.2701	-91.0101	-4.20024	-99.8381	-13.0282	-98.3722	-11.5624
265	-47.3183	3	100	10800632	-91.4485	-4.38859	-96.8143	-9.75445	-102.306	-15.2462	-91.2204	-4.29598	-96.9794	-10.055	-102.283	-15.3585
266	22.9058	3	39.071	15728640	-91.2917	-4.31383	-100.443	-13.4654	-97.7167	-10.7388	-91.0494	-4.22474	-100.481	-13.6559	-97.8693	-11.0446
267	-2.13179	3	39.444	15728640	-91.3484	-4.31313	-98.8013	-11.7661	-99.0602	-12.025	-91.1024	-4.22587	-98.9079	-12.0314	-99.1553	-12.2788
268	-21.1824	3	100	15690528	-91.3356	-4.32789	-97.7705	-10.7628	-100.316	-13.3081	-91.0933	-4.23826	-97.9204	-11.0654	-100.358	-13.5025
269	7.73957	3	39.302	15728640	-91.3167	-4.30427	-99.4233	-12.4109	-98.4897	-11.4773	-91.0707	-4.21718	-99.5029	-12.6494	-98.6107	-11.7571
270	13.4204	3	39.169	15728640	-91.4901	-4.37557	-99.7474	-12.6328	-98.0802	-10.9657	-91.2479	-4.28452	-99.8104	-12.847	-98.215	-11.2517
271	22.3108	3	39.106	15728640	-91.3073	-4.31884	-100.399	-13.4108	-97.7346	-10.7462	-91.065	-4.22954	-100.438	-13.6026	-97.8863	-11.0509
272	-28.0544	3	100	14410496	-91.3785	-4.35569	-97.4305	-10.4078	-100.801	-13.7786	-91.1396	-4.26384	-97.591	-10.7153	-100.824	-13.9486
273	-49.8425	3	100	10419808	-91.3015	-4.32152	-96.8951	-9.91513	-102.499	-15.5186	-91.073	-4.23348	-97.0564	-10.2168	-102.471	-15.6313
274	-46.6716	3	100	10720992	-91.2568	-4.31163	-96.9622	-10.017	-102.234	-15.2889	-91.026	-4.22327	-97.1265	-10.3238	-102.213	-15.4103
275	-48.196	3	100	10712304	-91.3983	-4.36555	-96.8406	-9.80777	-102.373	-15.3407	-91.1701	-4.2745	-97.0044	-10.1087	-102.349	-15.4531
276	14.2784	3	39.14	15728640	-91.4765	-4.3715	-99.8094	-12.7045	-98.0409	-10.9359	-91.2342	-4.28053	-99.8701	-12.9164	-98.1776	-11.2239
277	-49.6074	3	100	10470488	-91.3155	-4.32786	-96.8869	-9.89922	-102.481	-15.4931	-91.0871	-4.23939	-97.0485	-10.2008	-102.454	-15.6058
278	1.77843	3	39.386	15728640	-91.3492	-4.31335	-99.0381	-12.0023	-98.8221	-11.7863	-91.1031	-4.22608	-99.1342	-12.2571	-98.9278	-12.0507
279	18.3625	3	39.077	15728640	-91.3999	-4.3481	-100.108	-13.0561	-97.8707	-10.819	-91.1576	-4.25778	-100.157	-13.2574	-98.0157	-11.1159
280	-4.34647	3	39.385	15728640	-91.3402	-4.31085	-98.674	-11.6446	-99.2009	-12.1716	-91.0942	-4.22363	-98.7864	-11.9158	-99.2899	-12.4194
281	23.5811	3	39.114	15728640	-91.2736	-4.30796	-100.493	-13.5277	-97.6972	-10.7315	-91.0313	-4.21911	-100.529	-13.7166	-97.8507	-11.0386
282	2.79784	3	39.238	15728640	-91.3465	-4.31261	-99.1021	-12.0682	-98.7625	-11.7286	-91.1005	-4.22536	-99.1954	-12.3203	-98.8708	-11.9957
283	-59.3862	3	100	9962240	-91.3423	-4.2866	-96.9101	-9.85439	-103.319	-16.2631	-91.1195	-4.20482	-97.0535	-10.1389	-103.274	-16.3595
284	-33.4757	3	100	13354904	-91.4195	-4.3799	-97.1883	-10.1487	-101.204	-14.1641	-91.1837	-4.28637	-97.3544	-10.457	-101.212	-14.315
285	15.6668	3	39.115	15728640	-91.4526	-4.3643	-99.9104	-12.8221	-97.9799	-10.8916	-91.2104	-4.27351	-99.9672	-13.0303	-98.1195	-11.1827
286	29.6958	3	38.944	15728640	-91.3233	-4.33626	-100.926	-13.9394	-97.4005	-10.4135	-91.0843	-4.24535	-100.945	-14.1063	-97.5625	-10.7235
287	20.9583	3	39.195	15728640	-91.3411	-4.32962	-100.299	-13.2878	-97.778	-10.7665	-91.0988	-4.23992	-100.342	-13.4828	-97.9275	-11.0686
288	-12.7159	3	40.587	15728640	-91.2584	-4.28759	-98.2466	-11.2757	-99.7616	-12.7907	-91.0124	-4.20091	-98.3791	-11.5676	-99.8273	-13.0158
289	-28.0965	3	100	14417736	-91.3771	-4.3552	-97.4297	-10.4078	-100.805	-13.7827	-91.1382	-4.26338	-97.5902	-10.7154	-100.827	-13.9526
290	-7.97952	3	39.599	15728640	-91.3146	-4.30366	-98.4772	-11.4663	-99.4394	-12.4284	-91.0686	-4.21659	-98.5988	-11.7468	-99.5183	-12.6663
291	19.8223	3	39.067	15728640	-91.3678	-4.33807	-100.215	-13.1857	-97.817	-10.7873	-91.1255	-4.24807	-100.261	-13.3834	-97.9646	-11.0872
292	-55.1236	3	100	10080976	-91.4168	-4.34471	-96.8092	-9.73712	-102.962	-15.8902	-91.1926	-4.25749	-96.9626	-10.0275	-102.924	-15.9893
293	-56.8766	3	100	9814544	-91.2977	-4.28729	-96.9047	-9.89432	-103.092	-16.0819	-91.073	-4.2041	-97.0538	-10.1849	-103.052	-16.1829
294	2.45543	3	39.211	15728640	-91.3475	-4.31289	-99.0805	-12.0459	-98.7824	-11.7478	-91.1015	-4.22564	-99.1748	-12.2989	-98.8898	-12.014
295	8.81037	3	39.364	15728640	-91.3066	-4.3014	-99.495	-12.4899	-98.4345	-11.4294	-91.0606	-4.21438	-99.5717	-12.7254	-98.5581	-11.7119
296	7.10145	3	39.271	15728640	-91.3221	-4.3058	-99.3809	-12.3646	-98.5233	-11.507	-91.0761	-4.21868	-99.4623	-12.6048	-98.6427	-11.7852
297	-46.3594	3	100	10716648	-91.2742	-4.31913	-96.9543	-9.99925	-102.21	-15.2554	-91.0434	-4.23026	-97.119	-10.3058	-102.19	-15.3768
298	-22.6007	3	100	15445816	-91.2998	-4.31642	-97.7258	-10.7425	-100.421	-13.4374	-91.0574	-4.22722	-97.8779	-11.0477	-100.459	-13.6285
299	-41.3179	3	100	11103264	-91.3069	-4.3376	-97.0305	-10.0612	-101.81	-14.8411	-91.0737	-4.24679	-97.1978	-10.3709	-101.801	-14.9738
300	-41.9447	3	100	11288608	-91.2759	-4.32488	-97.038	-10.087	-101.858	-14.9072	-91.0427	-4.23487	-97.205	-10.3972	-101.847	-15.0396
301	7.804	3	39.263	15728640	-91.3162	-4.30411	-99.4276	-12.4156	-98.4864	-11.4743	-91.0701	-4.21702	-99.5071	-12.6539	-98.6075	-11.7544
302	13.0439	3	39.294	15728640	-91.2536	-4.28618	-99.7843	-12.8169	-98.2318	-11.2644	-91.0076	-4.19955	-99.8491	-13.0411	-98.3651	-11.557
303	-32.44	3	100	13575000	-91.4594	-4.39507	-97.1982	-10.1339	-101.123	-14.0589	-91.2237	-4.30075	-97.3638	-10.4408	-101.134	-14.2114
304	12.2854	3	39.24	15728640	-91.2646	-4.28937	-99.7319	-12.7566	-98.2662	-11.291	-91.0186	-4.20265	-99.7988	-12.9829	-98.3978	-11.5819
305	-20.4772	3	42.7171	15728640	-91.3526	-4.33327	-97.7942	-10.7749	-100.264	-13.2444	-91.1103	-4.24344	-97.9429	-11.0761	-100.307	-13.4405
306	-55.4208	3	100	10037536	-91.3969	-4.33501	-96.8249	-9.76298	-102.984	-15.9226	-91.1727	-4.24846	-96.9776	-10.0534	-102.946	-16.022
307	-43.6762	3	100	11064168	-91.4182	-4.38177	-96.8966	-9.86014	-102.005	-14.9685	-91.1878	-4.28876	-97.064	-10.165	-101.99	-15.0906
308	-37.2136	3	100	12245736	-91.2644	-4.32032	-97.1742	-10.2302	-101.491	-14.5472	-91.0284	-4.23018	-97.341	-10.5428	-101.491	-14.6932
309	23.162	3	39.008	15728640	-91.2849	-4.31163	-100.462	-13.489	-97.7092	-10.7359	-91.0426	-4.22263	-100.499	-13.6789	-97.8621	-11.0422
310	6.27	3	39.263	15728640	-91.3285	-4.30758	-99.3261	-12.3052	-98.5678	-11.5469	-91.0825	-4.22043	-99.4097	-12.5477	-98.6851	-11.8231
311	-39.3602	3	100	11835952	-91.4003	-4.37606	-97.0133	-9.98901	-101.659	-14.6352	-91.1673	-4.28286	-97.1815	-10.297	-101.654	-14.7695
312	-47.2771	3	100	10816560	-91.4508	-4.38967	-96.8131	-9.75201	-102.303	-15.2417	-91.2228	-4.29699	-96.9783	-10.0525	-102.28	-15.354
313	-6.29305	3	39.331	15728640	-91.3283	-4.30754	-98.5666	-11.5458	-99.3276	-12.3068	-91.0823	-4.22038	-98.6839	-11.822	-99.4112	-12.5493
314	-22.2495	3	100	15480568	-91.3089	-4.31934	-97.7365	-10.747	-100.395	-13.4052	-91.0666	-4.23003	-97.8881	-11.0516	-100.434	-13.5972
315	28.9156	3	38.848	15728640	-91.3499	-4.34566	-100.867	-13.8628	-97.414	-10.4098	-91.111	-4.25429	-100.888	-14.0311	-97.5753	-10.7186
316	-52.8635	3	100	10053464	-91.3405	-4.32568	-96.8556	-9.84079	-102.757	-15.742	-91.1142	-4.23851	-97.0127	-10.137	-102.723	-15.8476
317	-42.437	3	100	11307432	-91.2513	-4.31475	-97.0447	-10.1081	-101.896	-14.9592	-91.018	-4.2254	-97.2113	-10.4187	-101.884	-15.0913
318	23.9084	3	39.128	15728640	-91.2646	-4.30504	-100.518	-13.558	-97.688	-10.7285	-91.0223	-4.21631	-100.552	-13.7462	-97.842	-11.0361
319	28.8248	3	38.962	15728640	-91.353	-4.34674	-100.86	-13.8539	-97.4157	-10.4095	-91.1141	-4.25531	-100.881	-14.0224	-97.5769	-10.7182
320	-0.212543	3	39.221	15728640	-91.3509	-4.31384	-98.9158	-11.8787	-98.9416	-11.9045	-91.1049	-4.22657	-99.0172	-12.1389	-99.0419	-12.1636
321	-56.2081	3	100	9905768	-91.3436	-4.30923	-96.8674	-9.83305	-103.043	-16.0086	-91.1191	-4.22449	-97.0182	-10.1236	-103.004	-16.1089
322	28.7991	3	38.841	15728640	-91.3538	-4.34704	-100.858	-13.8514	-97.4162	-10.4094	-91.1149	-4.2556	-100.879	-14.0199	-97.5774	-10.718
323	13.5312	3	39.118	15728640	-91.4884	-4.37506	-99.7554	-12.642	-98.0751	-10.9617	-91.2462	-4.28402	-99.8181	-12.8559	-98.2101	-11.248
324	23.4142	3	39.077	15728640	-91.2781	-4.30943	-100.481	-13.5123	-97.7019	-10.7332	-91.0358	-4.22052	-100.517	-13.7016	-97.8552	-11.0399
325	-11.6477	3	40.274	15728640	-91.2734	-4.2919	-98.2958	-11.3144	-99.688	-12.7065	-91.0274	-4.20511	-98.426	-11.6038	-99.7567	-12.9345
326	0.549422	3	39.242	15728640	-91.3508	-4.3138	-98.9622	-11.9252	-98.8954	-11.8584	-91.1048	-4.22653	-99.0616	-12.1833	-98.9978	-12.1196
327	-59.4133	3	100	10111384	-91.3404	-4.28565	-96.9119	-9.85715	-103.321	-16.2661	-91.1175	-4.20394	-97.0552	-10.1416	-103.276	-16.3625
328	-36.0068	3	100	12490448	-91.3164	-4.34036	-97.1751	-10.1991	-101.399	-14.4229	-91.0805	-4.24904	-97.3418	-10.5104	-101.402	-14.5704
329	-39.7698	3	100	11782376	-91.3812	-4.36818	-97.0161	-10.0031	-101.691	-14.6782	-91.1482	-4.27546	-97.1841	-10.3114	-101.685	-14.8121
330	-9.87991	3	39.803	15728640	-91.2952	-4.29815	-98.381	-11.384	-99.5673	-12.5703	-91.0491	-4.2112	-98.5071	-11.6691	-99.6409	-12.803
331	-47.0493	3	100	10710856	-91.2356	-4.30251	-96.9721	-10.039	-102.263	-15.3295	-91.0048	-4.21477	-97.1359	-10.3459	-102.241	-15.4508
332	-14.9473	3	40.884	15728640	-91.4653	-4.36813	-98.0111	-10.914	-99.858	-12.7609	-91.223	-4.27724	-98.1492	-11.2035	-99.9168	-12.971
333	-11.2049	3	40.114	15728640	-91.2792	-4.29357	-98.3167	-11.3312	-99.6576	-12.672	-91.0331	-4.20673	-98.4459	-11.6195	-99.7276	-12.9011
334	-34.1252	3	100	13195624	-91.3938	-4.37008	-97.1834	-10.1597	-101.254	-14.2303	-91.158	-4.27709	-97.3497	-10.4688	-101.261	-14.3803
335	0.383461	3	39.386	15728640	-91.3509	-4.31383	-98.952	-11.915	-98.9054	-11.8684	-91.1049	-4.22655	-99.0519	-12.1736	-99.0074	-12.1291
336	-38.1501	3	100	12086456	-91.4556	-4.39882	-97.0075	-9.95071	-101.565	-14.5085	-91.2227	-4.30426	-97.176	-10.2575	-101.562	-14.644
337	-8.84231	3	39.682	15728640	-91.3063	-4.30131	-98.4329	-11.428	-99.4972	-12.4922	-91.0603	-4.21429	-98.5566	-11.7106	-99.5737	-12.7277
338	-12.7818	3	40.48	15728640	-91.2575	-4.28731	-98.2436	-11.2734	-99.7661	-12.796	-91.0115	-4.20064	-98.3763	-11.5655	-99.8317	-13.0209
339	-57.2519	3	100	9774000	-91.2716	-4.27497	-96.9261	-9.92944	-103.12	-16.1232	-91.0469	-4.19265	-97.0743	-10.22	-103.079	-16.2246
340	24.2945	3	39.114	15728640	-91.2538	-4.30154	-100.546	-13.5939	-97.6775	-10.7252	-91.0115	-4.21296	-100.58	-13.7812	-97.832	-11.0335
341	-51.1041	3	100	10348856	-91.4507	-4.37796	-96.781	-9.70819	-102.624	-15.551	-91.2248	-4.28716	-96.9415	-10.0039	-102.593	-15.6555
342	4.29866	3	39.35	15728640	-91.3404	-4.31091	-99.1978	-12.1683	-98.6767	-11.6472	-91.0944	-4.22369	-99.287	-12.4163	-98.7889	-11.9182
343	-2.84851	3	39.274	15728640	-91.3463	-4.31256	-98.7595	-11.7258	-99.1053	-12.0716	-91.1003	-4.22531	-98.868	-11.993	-99.1985	-12.3235
344	-26.8962	3	100	14663896	-91.4154	-4.36857	-97.4553	-10.4085	-100.713	-13.666	-91.1766	-4.27614	-97.6146	-10.7141	-100.739	-13.8383
345	-57.2881	3	100	9753728	-91.2691	-4.27377	-96.9281	-9.93286	-103.122	-16.1272	-91.0443	-4.19154	-97.0762	-10.2235	-103.081	-16.2286
346	-10.8665	3	40.14	15728640	-91.2834	-4.29479	-98.3329	-11.3443	-99.6345	-12.6458	-91.0374	-4.20793	-98.4613	-11.6318	-99.7053	-12.8759
347	2.94076	3	39.264	15728640	-91.346	-4.31248	-99.1112	-12.0776	-98.7542	-11.7206	-91.1	-4.22523	-99.204	-12.3293	-98.8629	-11.9882
348	-57.2434	3	100	9791376	-91.2722	-4.27524	-96.9256	-9.92864	-103.119	-16.1223	-91.0474	-4.19291	-97.0738	-10.2193	-103.078	-16.2236
349	27.9182	3	38.897	15728640	-91.3829	-4.35724	-100.791	-13.7653	-97.4333	-10.4077	-91.144	-4.26532	-100.814	-13.9355	-97.5936	-10.715
350	-6.04327	3	39.354	15728640	-91.3301	-4.30803	-98.5801	-11.558	-99.3112	-12.2891	-91.0841	-4.22087	-98.6968	-11.8336	-99.3955	-12.5323
351	-18.0241	3	41.7141	15728640	-91.407	-4.3503	-97.8837	-10.8271	-100.083	-13.0263	-91.1647	-4.25991	-98.0281	-11.1233	-100.133	-13.2285
352	-5.50537	3	39.378	15728640	-91.3336	-4.30903	-98.6095	-11.5849	-99.276	-12.2514	-91.0876	-4.22184	-98.7249	-11.8591	-99.3618	-12.496
353	8.26966	3	39.294	15728640	-91.3119	-4.3029	-99.4588	-12.4498	-98.4622	-11.4532	-91.0659	-4.21584	-99.5369	-12.6868	-98.5845	-11.7345
354	-16.1112	3	100	15212688	-91.4445	-4.36183	-97.961	-10.8783	-99.9428	-12.8602	-91.2023	-4.27111	-98.1016	-11.1704	-99.9984	-13.0672
355	-51.025	3	100	10619632	-91.4556	-4.38028	-96.7778	-9.70249	-102.618	-15.5425	-91.2297	-4.28933	-96.9385	-9.99814	-102.587	-15.6469
356	9.4081	3	39.356	15728640	-91.3004	-4.29963	-99.5354	-12.5346	-98.4044	-11.4037	-91.0544	-4.21265	-99.6103	-12.7686	-98.5294	-11.6877
357	-27.4123	3	100	14532128	-91.3991	-4.36291	-97.4439	-10.4077	-100.752	-13.7161	-91.1603	-4.27073	-97.6037	-10.7142	-100.777	-13.8873
358	-26.2627	3	100	14821728	-91.435	-4.37533	-97.4701	-10.4105	-100.664	-13.6048	-91.1961	-4.28261	-97.6286	-10.7151	-100.692	-13.7783
359	-51.3157	3	100	10317000	-91.4377	-4.37172	-96.7895	-9.72355	-102.64	-15.5739	-91.2117	-4.28135	-96.9497	-10.0193	-102.609	-15.6786
360	-26.4932	3	100	14742088	-91.4279	-4.3729	-97.4646	-10.4096	-100.682	-13.627	-91.1891	-4.28028	-97.6234	-10.7146	-100.709	-13.8001
361	-4.79082	3	39.227	15728640	-91.3379	-4.3102	-98.6491	-11.6214	-99.2296	-12.2019	-91.0918	-4.22299	-98.7626	-11.8938	-99.3174	-12.4485
362	27.0807	3	38.945	15728640	-91.4096	-4.36656	-100.727	-13.6839	-97.4512	-10.4081	-91.1708	-4.27422	-100.752	-13.8558	-97.6106	-10.7141
363	-53.9849	3	100	9885496	-91.268	-4.29197	-96.9072	-9.93112	-102.84	-15.8644	-91.0415	-4.20716	-97.0619	-10.2276	-102.805	-15.9708
364	-21.98	3	100	15570344	-91.3157	-4.32155	-97.7449	-10.7507	-100.375	-13.3806	-91.0734	-4.23215	-97.8961	-11.0548	-100.414	-13.5732
365	-39.7088	3	100	10590672	-91.384	-4.36936	-97.0156	-10.0009	-101.686	-14.6718	-91.151	-4.27657	-97.1837	-10.3093	-101.68	-14.8058
366	25.6847	3	38.862	15728640	-91.4524	-4.38133	-100.62	-13.5491	-97.4844	-10.4133	-91.2135	-4.28835	-100.649	-13.7239	-97.6422	-10.717
367	-1.26713	3	39.348	15728640	-91.35	-4.3136	-98.8524	-11.816	-99.0064	-11.9699	-91.104	-4.22633	-98.9567	-12.079	-99.1038	-12.2261
368	-52.2364	3	100	10151928	-91.3803	-4.34441	-96.8281	-9.79225	-102.71	-15.6738	-91.1541	-4.25593	-96.9865	-10.0883	-102.677	-15.779
369	21.5051	3	39.207	15728640	-91.3277	-4.32536	-100.34	-13.3374	-97.76	-10.7577	-91.0854	-4.23582	-100.381	-13.531	-97.9104	-11.0609
370	-43.8642	3	100	11061272	-91.4084	-4.37749	-96.9	-9.86908	-102.019	-14.9885	-91.178	-4.28476	-97.0673	-10.1741	-102.004	-15.1105
371	-25.9614	3	100	14839104	-91.4441	-4.37848	-97.4775	-10.4119	-100.641	-13.5757	-91.2053	-4.28562	-97.6356	-10.716	-100.67	-13.7499
372	-17.1486	3	41.3581	15728640	-91.4247	-4.35577	-97.9183	-10.8494	-100.019	-12.9498	-91.1824	-4.26521	-98.061	-11.1437	-100.071	-13.1542
373	-14.6072	3	40.661	15728640	-91.471	-4.36986	-98.0262	-10.925	-99.8333	-12.7321	-91.2288	-4.27894	-98.1636	-11.2137	-99.893	-12.9431
374	5.45182	3	39.24	15728640	-91.334	-4.30912	-99.2725	-12.2477	-98.6124	-11.5876	-91.088	-4.22193	-99.3585	-12.4924	-98.7277	-11.8616
375	-9.85566	3	39.74	15728640	-91.2954	-4.29822	-98.3822	-11.385	-99.5657	-12.5685	-91.0494	-4.21127	-98.5082	-11.6701	-99.6394	-12.8012
376	8.9873	3	39.24	15728640	-91.3048	-4.30089	-99.507	-12.5031	-98.4256	-11.4217	-91.0588	-4.21388	-99.5831	-12.7382	-98.5496	-11.7047
377	-24.8544	3	100	15079472	-91.4767	-4.38965	-97.5061	-10.4191	-100.557	-13.4695	-91.2379	-4.29633	-97.6628	-10.7213	-100.588	-13.6461
378	-36.7131	3	100	12329720	-91.2861	-4.32872	-97.1741	-10.2167	-101.453	-14.4956	-91.0502	-4.23808	-97.3409	-10.5288	-101.454	-14.6422
379	-49.5477	3	100	10492208	-91.3191	-4.32947	-96.8848	-9.89521	-102.476	-15.4867	-91.0907	-4.24088	-97.0466	-10.1968	-102.449	-15.5993
380	27.559	3	38.943	15728640	-91.3945	-4.36128	-100.764	-13.7303	-97.4408	-10.4076	-91.1556	-4.26918	-100.788	-13.9013	-97.6007	-10.7143
381	-36.9932	3	100	12254424	-91.274	-4.32404	-97.1741	-10.2242	-101.474	-14.5244	-91.038	-4.23367	-97.3409	-10.5365	-101.475	-14.6708
382	-0.400645	3	39.294	15728640	-91.3509	-4.31382	-98.9044	-11.8673	-98.9531	-11.916	-91.1049	-4.22655	-99.0064	-12.1281	-99.0529	-12.1746
383	-20.6645	3	42.9011	15728640	-91.3481	-4.33186	-97.7878	-10.7716	-100.278	-13.2613	-91.1058	-4.24208	-97.9369	-11.0731	-100.321	-13.457
384	16.4374	3	39.116	15728640	-91.4384	-4.35997	-99.9667	-12.8882	-97.9474	-10.869	-91.1962	-4.2693	-100.021	-13.0944	-98.0886	-11.1618
385	-5.136	3	39.36	15728640	-91.3359	-4.30965	-98.6299	-11.6036	-99.252	-12.2257	-91.0899	-4.22246	-98.7443	-11.8769	-99.3388	-12.4714
386	22.8909	3	39.14	15728640	-91.2921	-4.31396	-100.442	-13.4641	-97.7171	-10.739	-91.0498	-4.22486	-100.479	-13.6545	-97.8697	-11.0447
387	-54.476	3	100	9849296	-91.2357	-4.27712	-96.9307	-9.9721	-102.877	-15.9182	-91.0091	-4.19336	-97.0844	-10.2687	-102.841	-16.025
388	-33.6276	3	100	13321600	-91.4135	-4.37762	-97.1871	-10.1512	-101.215	-14.1795	-91.1778	-4.28422	-97.3532	-10.4597	-101.224	-14.3303
389	21.8522	3	39.076	15728640	-91.319	-4.32258	-100.365	-13.369	-97.7489	-10.7525	-91.0767	-4.23315	-100.405	-13.5618	-97.8999	-11.0564
390	-39.0234	3	100	11951792	-91.4159	-4.38248	-97.0113	-9.97787	-101.633	-14.5999	-91.1829	-4.28889	-97.1796	-10.2855	-101.629	-14.7345
391	-54.719	3	100	10136000	-91.4437	-4.35791	-96.7883	-9.70243	-102.932	-15.8461	-91.2196	-4.26976	-96.9426	-9.9927	-102.895	-15.9449
392	-34.5722	3	100	13101504	-91.3758	-4.36319	-97.1807	-10.1681	-101.289	-14.2759	-91.14	-4.27058	-97.3471	-10.4777	-101.295	-14.4253
393	10.3974	3	39.358	15728640	-91.2891	-4.29643	-99.6025	-12.6098	-98.3556	-11.3629	-91.0431	-4.20952	-99.6747	-12.841	-98.4829	-11.6493
394	-36.1324	3	100	12455696	-91.311	-4.33831	-97.1748	-10.2021	-101.409	-14.4358	-91.0751	-4.24711	-97.3415	-10.5135	-101.411	-14.5832
395	-26.5156	3	100	14674032	-91.4272	-4.37266	-97.4641	-10.4095	-100.684	-13.6292	-91.1884	-4.28005	-97.6229	-10.7146	-100.711	-13.8022
396	8.63744	3	39.212	15728640	-91.3083	-4.30189	-99.4834	-12.477	-98.4434	-11.4369	-91.0623	-4.21486	-99.5605	-12.7131	-98.5665	-11.719
397	-49.0652	3	100	10571848	-91.3477	-4.34243	-96.8685	-9.86326	-102.44	-15.4345	-91.1193	-4.25295	-97.031	-10.1646	-102.413	-15.547
398	-55.999	3	100	9956448	-91.3579	-4.31608	-96.856	-9.81422	-103.028	-15.9857	-91.1334	-4.23086	-97.0073	-10.1047	-102.988	-16.0858
399	22.4344	3	39.106	15728640	-91.3041	-4.31781	-100.408	-13.4222	-97.7309	-10.7446	-91.0618	-4.22856	-100.447	-13.6137	-97.8827	-11.0495
400	-33.9912	3	100	13201416	-91.3991	-4.37212	-97.1844	-10.1573	-101.244	-14.2166	-91.1634	-4.27902	-97.3506	-10.4663	-101.251	-14.3668
