nRun,angle,targetCellId,downloadTime,rxBytes,rsrp1,rsrq1,rsrp2,rsrq2,rsrp3,rsrq3,previousrsrp1,previousrsrq1,previousrsrp2,previousrsrq2,previousrsrp3,previousrsrq3
1,-59.5059,3,100.0,11124984,-111.851,-14.4264,-100.98700000000001,-3.56242,-114.206,-16.7817,-111.82700000000001,-14.4677,-100.914,-3.55548,-114.208,-16.8492
2,-43.5576,3,100.0,14904264,-101.884,-3.80516,-109.943,-11.8642,-116.182,-18.1028,-101.865,-3.80701,-109.906,-11.8486,-116.17200000000001,-18.1146
3,-50.6608,3,100.0,3475200,-91.4023,-6.44798,-105.008,-20.0532,-90.7484,-5.79407,-91.1381,-6.3124,-105.15100000000001,-20.3258,-90.7296,-5.90395
4,-12.9374,3,41.6471,15728640,-91.3774,-7.5289399999999995,-97.6837,-13.8353,-89.3482,-5.49982,-91.0637,-7.27866,-97.8067,-14.0216,-89.4218,-5.63668
5,-20.8164,3,100.0,1836064,-120.37299999999999,-16.3546,-107.545,-3.52629,-120.818,-16.7992,-120.344,-16.364,-107.505,-3.52454,-120.78399999999999,-16.8041
6,-34.1306,3,100.0,11458024,-125.991,-15.719000000000001,-114.193,-3.9214800000000003,-127.883,-17.611,-125.97200000000001,-15.7258,-114.164,-3.9173199999999997,-127.87100000000001,-17.6245
7,28.7827,3,39.387,15728640,-91.3643,-3.8281199999999997,-105.887,-18.3512,-99.029,-11.4929,-91.1147,-3.7647800000000005,-105.912,-18.5618,-99.1855,-11.8356
8,29.8063,3,45.3071,15728640,-91.441,-3.68539,-109.45700000000001,-21.7019,-99.6322,-11.8766,-91.101,-3.6217300000000003,-109.49700000000001,-22.0181,-99.7644,-12.2851
9,-32.8272,3,100.0,6814288,-131.553,-26.774,-107.99600000000001,-3.21685,-126.411,-21.6326,-131.535,-26.7833,-107.96700000000001,-3.21576,-126.4,-21.6483
10,-4.90765,3,100.0,13021864,-93.6824,-3.5931699999999998,-105.199,-15.11,-105.11399999999999,-15.0245,-93.2251,-3.52739,-105.303,-15.6053,-105.205,-15.5069
11,15.2707,3,39.602,15728640,-91.4102,-3.3018199999999998,-111.655,-23.5469,-103.679,-15.5712,-91.1563,-3.2782400000000003,-111.71600000000001,-23.8375,-103.816,-15.9376
12,-17.3718,3,100.0,10473384,-91.7808,-3.34006,-104.389,-15.9482,-108.10700000000001,-19.6663,-91.5457,-3.3153599999999996,-104.53399999999999,-16.3037,-108.15700000000001,-19.927
13,10.7748,3,39.286,15728640,-91.3435,-4.17092,-102.12200000000001,-14.9496,-97.8788,-10.7063,-91.0975,-4.089519999999999,-102.193,-15.1853,-98.007,-10.999
14,-50.2596,3,100.0,10175096,-91.2572,-5.2998,-93.4153,-7.457889999999999,-101.964,-16.0064,-91.1008,-5.16099,-93.6407,-7.70097,-101.913,-15.9736
15,-42.3237,3,100.0,11054032,-91.3919,-3.5413,-110.42399999999999,-22.5729,-100.715,-12.8639,-91.0946,-3.50604,-110.56299999999999,-22.9749,-100.721,-13.1324
16,-6.22907,3,100.0,13224584,-94.8394,-3.3019800000000004,-178.794,-87.2562,-106.51299999999999,-14.9756,-94.7035,-3.2921199999999997,-178.875,-87.4637,-106.53200000000001,-15.1205
17,23.2071,3,38.35,15728640,-91.9129,-3.18229,-109.83200000000001,-21.1014,-108.20100000000001,-19.4708,-91.705,-3.17046,-109.85600000000001,-21.3217,-108.37100000000001,-19.836
18,-15.3347,3,100.0,8829904,-121.62899999999999,-11.9169,-113.83,-4.11785,-133.865,-24.1524,-121.6,-11.9224,-113.79,-4.11298,-133.83,-24.1526
19,-28.5646,3,24.4601,15728640,-102.374,-4.88932,-147.157,-49.6716,-105.10600000000001,-7.62105,-102.26100000000001,-4.86794,-147.532,-50.1386,-105.053,-7.660010000000001
20,14.8536,3,44.5911,15728640,-91.5145,-4.54511,-96.2237,-9.25425,-102.223,-15.2539,-91.101,-4.40327,-96.2981,-9.600389999999999,-102.339,-15.6414
21,22.3531,3,44.1491,15728640,-91.7448,-3.90122,-98.7371,-10.8935,-107.42299999999999,-19.5793,-91.4286,-3.8335199999999996,-98.7898,-11.1947,-107.556,-19.9609
22,16.5959,3,45.7471,15728640,-91.4389,-3.59216,-101.117,-13.2701,-106.00399999999999,-18.1577,-91.0548,-3.53643,-101.18700000000001,-13.6685,-106.124,-18.6056
23,-49.5549,3,100.0,7392040,-92.2363,-3.4269199999999995,-103.508,-14.6981,-108.21700000000001,-19.4075,-91.9274,-3.3919,-103.62700000000001,-15.0918,-108.223,-19.688
24,-12.2786,3,28.954,15728640,-91.2671,-4.13592,-99.311,-12.1799,-99.8583,-12.7271,-91.1321,-4.09101,-99.4369,-12.3958,-99.85600000000001,-12.815
25,-53.4657,3,100.0,13127568,-91.505,-3.3561300000000003,-104.402,-16.253,-106.609,-18.4605,-91.2331,-3.33045,-104.539,-16.6364,-106.588,-18.6852
26,20.8991,3,100.0,13732832,-91.4623,-4.39346,-105.524,-18.455,-96.2116,-9.14273,-91.1728,-4.2836,-105.57600000000001,-18.687,-96.3484,-9.45923
27,-40.6004,3,35.1181,15728640,-91.3118,-12.7797,-82.2999,-3.7677300000000002,-94.18,-15.6478,-91.1403,-12.4349,-82.5323,-3.82685,-94.1477,-15.4423
28,-28.0667,3,100.0,13270920,-91.303,-4.3499300000000005,-96.1075,-9.15442,-106.559,-19.6062,-91.1459,-4.25325,-96.3488,-9.45619,-106.542,-19.6491
29,-2.0749299999999997,3,100.0,14786976,-91.5028,-5.1052599999999995,-96.8902,-10.4926,-96.3197,-9.92218,-91.1452,-4.935969999999999,-96.9936,-10.7844,-96.4161,-10.2069
30,-37.7472,3,22.3791,15728640,-95.2882,-30.9129,-67.3933,-3.01801,-105.727,-41.3516,-95.1764,-30.0398,-68.1563,-3.01971,-105.67,-40.5329
31,-7.400530000000001,3,100.0,12445560,-103.30799999999999,-3.30241,-115.90799999999999,-15.9024,-126.81299999999999,-26.808000000000003,-103.279,-3.3026400000000002,-115.869,-15.8933,-126.777,-26.8014
32,-24.9582,3,100.0,72400,-99.024,-12.14,-103.244,-16.3596,-90.698,-3.8140300000000003,-98.6045,-11.7218,-103.36399999999999,-16.4811,-90.7549,-3.8723300000000003
33,-42.9097,3,35.0361,15728640,-91.3072,-11.3745,-84.0275,-4.09475,-94.1877,-14.2549,-91.1369,-11.0542,-84.2587,-4.17605,-94.1513,-14.0686
34,15.5802,3,40.836999999999996,15728640,-91.5643,-5.06259,-99.1977,-12.696,-95.2212,-8.71948,-91.2838,-4.9189300000000005,-99.2617,-12.8967,-95.3528,-8.98789
35,-6.838889999999999,3,42.7381,15728640,-91.3571,-3.70744,-101.964,-14.3142,-101.988,-14.3388,-91.0856,-3.6542800000000004,-102.081,-14.6492,-102.073,-14.6418
36,14.005999999999998,3,33.4171,15728640,-91.2726,-13.6994,-81.153,-3.5797800000000004,-94.8426,-17.2694,-91.1054,-13.5167,-81.1808,-3.59211,-94.99700000000001,-17.4083
37,-32.7851,3,100.0,0,-112.589,-7.89973,-118.46,-13.7705,-110.189,-5.49948,-112.571,-7.89648,-118.432,-13.757,-110.177,-5.50263
38,51.886,3,75.3531,15728640,-91.5123,-5.097980000000001,-94.3235,-7.9092199999999995,-101.829,-15.4149,-91.2394,-4.95409,-94.4626,-8.17726,-101.811,-15.5254
39,18.105,3,100.0,12384744,-91.5127,-4.549519999999999,-95.6929,-8.72973,-105.213,-18.2496,-91.1946,-4.43762,-95.7553,-8.99831,-105.34200000000001,-18.5845
40,25.5826,3,49.32899999999999,15728640,-95.461,-3.74416,-103.648,-11.9311,-110.60700000000001,-18.8904,-95.1867,-3.6945,-103.686,-12.194,-110.75200000000001,-19.2603
41,-40.986999999999995,3,100.0,13771928,-91.3285,-4.55293,-95.7867,-9.01111,-103.036,-16.2606,-91.1153,-4.44775,-95.9678,-9.30028,-103.02,-16.3528
42,29.3246,3,40.762,15728640,-91.4421,-4.36998,-100.84899999999999,-13.777000000000001,-97.4239,-10.3518,-91.1596,-4.26812,-100.88,-13.9888,-97.5693,-10.6779
43,-10.4179,3,100.0,5335880,-122.226,-10.0667,-118.396,-6.23658,-122.831,-10.672,-122.197,-10.0679,-118.35700000000001,-6.22802,-122.796,-10.667
44,-24.345,3,40.661,15728640,-91.3691,-4.05465,-107.31200000000001,-19.9979,-97.4649,-10.1505,-91.1075,-3.99021,-107.46,-20.3429,-97.5034,-10.3862
45,-6.5522,3,36.613,15728640,-91.3915,-3.72396,-109.163,-21.4957,-99.3175,-11.65,-91.1819,-3.68134,-109.28299999999999,-21.7828,-99.3934,-11.8928
46,-9.189110000000001,3,100.0,11925728,-91.2981,-3.1602799999999998,-177.479,-89.34100000000001,-105.92,-17.7825,-91.1645,-3.15565,-177.577,-89.568,-105.925,-17.9165
47,-47.8375,3,37.073,15728640,-91.2742,-4.835719999999999,-99.7334,-13.2949,-95.4858,-9.047310000000001,-91.0808,-4.76199,-99.9234,-13.6046,-95.4505,-9.131639999999999
48,-51.5817,3,22.3721,15728640,-89.1989,-12.8704,-79.8146,-3.4860599999999997,-112.961,-36.6324,-89.0843,-12.6438,-79.9536,-3.51305,-112.90100000000001,-36.4601
49,-0.21704099999999998,3,100.0,0,-126.691,-13.5484,-125.59,-12.4475,-118.35600000000001,-5.21291,-126.721,-13.5482,-125.62799999999999,-12.4557,-118.39299999999999,-5.22098
50,-26.9985,3,36.565,15728640,-91.4124,-4.7554099999999995,-103.796,-17.1389,-95.0167,-8.35968,-91.2013,-4.67593,-103.97,-17.445,-95.0322,-8.506739999999999
51,-8.722480000000001,3,100.0,8333240,-95.8243,-3.54271,-105.806,-13.5242,-111.334,-19.0524,-95.434,-3.48849,-105.917,-13.9715,-111.419,-19.4733
52,8.74868,3,45.0511,15728640,-91.5531,-3.89546,-99.1959,-11.5383,-104.294,-16.6361,-91.0991,-3.8001300000000002,-99.2811,-11.9821,-104.402,-17.1027
53,-36.8437,3,40.144,15728640,-91.2488,-5.36031,-99.8822,-13.9937,-93.6129,-7.72434,-91.0096,-5.24875,-100.04700000000001,-14.2863,-93.615,-7.854089999999999
54,-0.353493,3,100.0,15245992,-91.4995,-3.5739699999999996,-104.391,-16.4659,-102.13,-14.2044,-91.1713,-3.52406,-104.493,-16.8455,-102.23,-14.5827
55,17.834,3,43.1971,15728640,-91.5046,-4.8356900000000005,-99.5798,-12.9108,-95.8725,-9.20354,-91.066,-4.6576699999999995,-99.6498,-13.2415,-95.9884,-9.58013
56,-47.1817,3,100.0,12339856,-91.1936,-9.61411,-86.191,-4.6115,-95.0681,-13.4886,-91.041,-9.32818,-86.4435,-4.73062,-95.0195,-13.3067
57,22.6116,3,37.018,15728640,-91.2383,-7.02455,-104.06700000000001,-19.852999999999998,-89.5735,-5.3597,-91.01899999999999,-6.80143,-104.09700000000001,-19.8796,-89.7353,-5.51766
58,-16.2025,3,25.7991,15728640,-91.1794,-3.80651,-182.455,-95.0817,-98.1564,-10.7834,-91.0589,-3.7917699999999996,-182.58,-95.3132,-98.1244,-10.8573
59,-47.5577,3,100.0,7477472,-91.2372,-6.728339999999999,-92.5153,-8.00644,-93.3971,-8.88818,-91.0482,-6.570360000000001,-92.7103,-8.23245,-93.3607,-8.88287
60,-32.9566,3,22.3531,15728640,-88.6657,-9.002880000000001,-83.975,-4.31211,-104.182,-24.5188,-88.5546,-8.472719999999999,-84.595,-4.51308,-104.126,-24.0438
61,29.0732,3,35.5671,15728640,-91.3798,-11.4086,-101.568,-21.5967,-83.7313,-3.76018,-91.1861,-11.0835,-101.57,-21.4673,-83.9235,-3.82082
62,-31.372,3,100.0,7581728,-91.3569,-5.82072,-95.74799999999999,-10.2118,-93.9892,-8.45302,-91.1739,-5.69888,-95.9563,-10.4812,-93.9805,-8.5055
63,19.0308,3,41.5381,15728640,-91.5146,-6.167730000000001,-96.9543,-11.6075,-92.5809,-7.2340800000000005,-91.2297,-5.9661800000000005,-97.0104,-11.7469,-92.7165,-7.4530199999999995
64,-21.1584,3,100.0,10442976,-92.2362,-4.20678,-97.6565,-9.6271,-107.575,-19.5459,-91.9565,-4.11146,-97.7958,-9.95079,-107.625,-19.7803
65,21.4765,3,38.745,15728640,-91.3429,-14.1417,-112.251,-35.0495,-80.5631,-3.36188,-91.1077,-13.7848,-112.29,-34.9668,-80.71600000000001,-3.39315
66,28.6331,3,31.2511,15728640,-96.1652,-3.1348700000000003,-173.03,-79.9996,-111.831,-18.8009,-96.0284,-3.12356,-172.99599999999998,-80.0908,-112.135,-19.2301
67,-17.064,3,22.3801,15728640,-87.7327,-3.15351,-167.40900000000002,-82.8302,-102.516,-17.9364,-87.6232,-3.15152,-167.46900000000002,-82.9974,-102.46700000000001,-17.9958
68,22.1874,3,100.0,14729056,-91.5805,-7.825410000000001,-90.2547,-6.499569999999999,-93.3042,-9.54912,-91.1528,-7.491439999999999,-90.3168,-6.65545,-93.42299999999999,-9.76158
69,15.2108,3,40.058,15728640,-91.3165,-6.374969999999999,-108.70700000000001,-23.7653,-90.7059,-5.76434,-91.05,-6.16447,-108.77,-23.8841,-90.8394,-5.95394
70,-42.2467,3,100.0,7950968,-96.2019,-4.86474,-100.16799999999999,-8.830680000000001,-105.087,-13.7495,-95.8534,-4.71494,-100.29,-9.15172,-105.109,-13.9703
71,6.21331,3,38.878,15728640,-91.3039,-4.71192,-101.289,-14.6975,-95.522,-8.930069999999999,-91.069,-4.60302,-101.37200000000001,-14.9058,-95.6399,-9.173969999999999
72,-3.47833,3,100.0,13240512,-91.2872,-5.18229,-95.5723,-9.46734,-96.8876,-10.7827,-91.1069,-5.07701,-95.6771,-9.64725,-96.9633,-10.9335
73,7.79214,3,34.5781,15728640,-91.2166,-10.998,-85.0176,-4.79895,-90.7121,-10.4935,-91.0361,-10.7859,-85.0768,-4.82655,-90.8361,-10.5859
74,-46.0763,3,22.3961,15728640,-95.4853,-24.1275,-74.402,-3.04422,-119.22200000000001,-47.8638,-95.37200000000001,-23.703000000000003,-74.7167,-3.04772,-119.162,-47.4933
75,-54.1275,3,100.0,9123848,-91.3348,-7.33063,-89.3395,-5.33533,-100.538,-16.534000000000002,-91.0919,-7.09665,-89.4869,-5.49164,-100.507,-16.512
76,-3.1657599999999997,3,100.0,0,-133.92600000000002,-22.7393,-117.16799999999999,-5.98157,-118.632,-7.4452,-133.955,-22.7357,-117.20700000000001,-5.98747,-118.667,-7.4484
77,-14.87,3,33.5891,15728640,-91.7812,-3.36285,-174.702,-86.2838,-104.955,-16.5364,-91.6506,-8.92407,-87.0944,-4.36786,-104.94,-22.2131
78,-4.5423,3,100.0,11783824,-117.15100000000001,-10.5536,-110.70100000000001,-4.10389,-134.54,-27.9432,-117.179,-10.5472,-110.74,-4.10733,-134.575,-27.9428
79,0.24146199999999998,3,31.6051,15728640,-91.179,-8.13921,-88.0475,-5.007709999999999,-98.1634,-15.1236,-91.0225,-7.98128,-88.1206,-5.07937,-98.2388,-15.1976
80,3.9010199999999995,3,39.066,15728640,-91.3402,-7.811160000000001,-114.414,-30.8852,-88.2979,-4.76886,-91.098,-7.577939999999999,-114.50399999999999,-30.9841,-88.4092,-4.8892
81,25.0422,3,30.326,15728640,-91.1996,-4.04744,-186.28900000000002,-99.1372,-96.9014,-9.749239999999999,-91.0531,-4.8593,-100.76899999999999,-14.5756,-97.1452,-10.9514
82,-34.293,3,100.0,7053208,-97.1743,-5.55178,-98.7556,-7.13305,-107.271,-15.648,-96.789,-5.33852,-98.8783,-7.42788,-107.309,-15.8587
83,-41.0894,3,100.0,6924336,-96.1121,-3.39929,-107.803,-15.0901,-112.31200000000001,-19.5997,-95.8559,-3.36898,-107.959,-15.4717,-112.31,-19.8235
84,15.6418,3,100.0,14894128,-94.1805,-3.3615199999999996,-107.208,-16.3894,-108.977,-18.1576,-93.7372,-3.32246,-107.28200000000001,-16.8675,-109.09100000000001,-18.6762
86,11.6758,3,36.583,15728640,-91.2461,-4.125380000000001,-101.83200000000001,-14.7113,-98.1357,-11.0149,-91.0363,-4.05433,-101.891,-14.9093,-98.2723,-11.2904
88,7.49016,3,44.2781,15728640,-93.0585,-7.7634300000000005,-90.2928,-4.997719999999999,-103.25,-17.9553,-92.6033,-7.40976,-90.3799,-5.1864099999999995,-103.35700000000001,-18.1636
89,-52.4637,3,100.0,10551576,-91.2857,-5.39596,-93.0167,-7.1269800000000005,-103.501,-17.6115,-91.095,-5.25085,-93.1964,-7.35226,-103.458,-17.614
90,12.1925,3,100.0,7864088,-111.01299999999999,-6.06871,-125.039,-20.0943,-111.36200000000001,-6.417619999999999,-110.984,-6.07256,-125.00399999999999,-20.0922,-111.323,-6.41142
91,11.1661,3,40.408,15728640,-91.2954,-5.350630000000001,-105.32600000000001,-19.3815,-93.0102,-7.0655,-91.0144,-5.1875800000000005,-105.40100000000001,-19.5742,-93.1344,-7.30755
92,-45.6473,3,22.3721,15728640,-93.6691,-31.7309,-64.9543,-3.0161700000000002,-116.848,-54.9101,-93.5558,-31.2836,-65.289,-3.01681,-116.789,-54.5169
93,19.4514,3,26.676,15728640,-91.1873,-5.31391,-190.7,-104.82600000000001,-92.7429,-6.8695,-91.0606,-5.1864300000000005,-190.671,-104.796,-92.9328,-7.05865
94,-47.18899999999999,3,100.0,5335880,-91.441,-5.0214,-108.196,-21.7759,-93.9045,-7.48492,-91.1206,-4.90183,-108.322,-22.1033,-93.9103,-7.691560000000001
95,3.8897699999999995,3,34.0851,15728640,-91.2254,-4.1294900000000005,-98.6467,-11.5508,-100.725,-13.629000000000001,-91.0511,-4.07229,-98.7173,-11.7385,-100.83,-13.8507
96,-6.85532,3,40.247,15728640,-91.3867,-4.7959,-99.3545,-12.7637,-95.9692,-9.37847,-91.1151,-4.67591,-99.4712,-13.032,-96.0539,-9.61465
97,-25.3486,3,100.0,15005624,-91.3184,-3.75661,-100.61399999999999,-13.0527,-102.916,-15.3544,-91.1364,-3.70985,-100.809,-13.3825,-102.921,-15.4949
98,13.7921,3,39.878,15728640,-91.4432,-4.9627,-104.82700000000001,-18.3468,-94.2751,-7.794639999999999,-91.1852,-4.82726,-104.89200000000001,-18.5344,-94.4077,-8.04975
99,-27.2303,3,42.8681,15728640,-91.5667,-6.27344,-95.0978,-9.80451,-93.2703,-7.97709,-91.2359,-6.061780000000001,-95.23100000000001,-10.0568,-93.3143,-8.14018
100,27.2053,3,40.228,15728640,-91.4791,-8.36989,-110.553,-27.4435,-87.6374,-4.52825,-91.2094,-8.07848,-110.586,-27.4551,-87.7854,-4.65449
101,0.656393,3,22.3661,15728640,-76.3576,-3.41961,-195.037,-122.09899999999999,-86.4096,-13.4716,-76.2487,-3.41215,-195.00900000000001,-122.17200000000001,-86.3844,-13.5479
102,-40.3908,3,22.4061,15728640,-100.315,-37.2911,-66.0357,-3.01198,-115.751,-52.7276,-100.20299999999999,-36.5226,-66.6931,-3.0123,-115.693,-52.0122
103,-28.0786,3,100.0,5438688,-121.34700000000001,-13.7897,-111.34700000000001,-3.79008,-126.29700000000001,-18.7403,-121.329,-13.7957,-111.321,-3.7875699999999997,-126.285,-18.7517
104,1.59455,3,36.981,15728640,-91.4024,-7.19574,-89.5308,-5.3242,-102.265,-18.058,-91.1983,-7.01512,-89.6221,-5.43895,-102.367,-18.184
105,23.7994,3,100.0,13367936,-91.5184,-4.02551,-105.09700000000001,-17.6042,-98.1196,-10.6268,-91.1911,-3.9363699999999997,-105.148,-17.8933,-98.2517,-10.9971
106,-30.05,3,100.0,9663952,-91.3405,-5.3468,-93.0403,-7.046530000000001,-105.818,-19.8242,-91.1695,-5.192080000000001,-93.2631,-7.28573,-105.805,-19.8279
107,-5.6875599999999995,3,100.0,6718720,-119.463,-7.74499,-118.75299999999999,-7.0347,-123.68799999999999,-11.9698,-119.485,-7.74441,-118.78299999999999,-7.04225,-123.714,-11.9733
108,29.3344,3,26.245,15728640,-91.1536,-13.5213,-204.11700000000002,-126.485,-81.0474,-3.41511,-91.0288,-13.0729,-204.07299999999998,-126.117,-81.4174,-3.46149
109,-18.6464,3,41.3761,15728640,-91.5689,-5.33745,-102.57700000000001,-16.3455,-93.5838,-7.35232,-91.2627,-5.18625,-102.708,-16.6317,-93.6437,-7.56716
110,12.940999999999999,3,33.2861,15728640,-91.3068,-8.93927,-101.98299999999999,-19.6157,-86.7887,-4.42123,-91.1414,-8.71022,-102.01299999999999,-19.5819,-86.9374,-4.50622
111,-10.7992,3,49.461999999999996,15728640,-91.4531,-3.9099199999999996,-99.1316,-11.5885,-103.76100000000001,-16.2183,-91.1721,-3.83926,-99.2551,-11.9222,-103.837,-16.5044
112,-32.7332,3,40.633,15728640,-91.3376,-5.98911,-107.34299999999999,-21.9944,-91.5162,-6.16769,-91.0561,-5.83913,-107.49,-22.2729,-91.5393,-6.3223
113,14.7427,3,42.8401,15728640,-91.4471,-4.08977,-106.09100000000001,-18.7339,-97.5186,-10.1612,-91.1081,-3.9937,-106.163,-19.0482,-97.6409,-10.5265
114,-28.113000000000003,3,25.7621,15728640,-96.3652,-3.1452299999999997,-174.507,-81.2865,-111.667,-18.4467,-96.2523,-3.1432900000000004,-174.862,-81.7531,-111.61399999999999,-18.5053
115,3.5169699999999997,3,39.31,15728640,-91.3258,-5.66331,-95.1497,-9.4872,-95.0245,-9.362039999999999,-91.0836,-5.509930000000001,-95.2406,-9.66698,-95.1348,-9.56119
116,-53.3512,3,100.0,0,-123.109,-18.0477,-108.59899999999999,-3.53744,-120.869,-15.807,-123.088,-18.0741,-108.546,-3.5323300000000004,-120.86399999999999,-15.8502
117,-26.8054,3,100.0,14786976,-91.3423,-6.5336300000000005,-90.8177,-6.00898,-100.495,-15.6859,-91.1256,-6.33076,-90.9883,-6.19344,-100.51299999999999,-15.718
118,-20.6077,3,100.0,12729368,-91.4991,-3.36029,-104.32700000000001,-16.1882,-106.574,-18.4355,-91.1761,-3.32882,-104.45700000000001,-16.6102,-106.632,-18.7845
119,-17.6168,3,100.0,9249824,-91.4485,-4.49838,-96.3126,-9.36248,-102.33,-15.38,-91.1821,-4.38951,-96.4501,-9.65754,-102.387,-15.5941
120,28.1878,3,44.1211,15728640,-91.4531,-3.8484199999999995,-99.2628,-11.6581,-104.775,-17.17,-91.0855,-3.7757400000000003,-99.3094,-11.9996,-104.902,-17.5921
121,-35.5583,3,100.0,7652680,-117.87100000000001,-5.196680000000001,-126.573,-13.8986,-124.273,-11.5984,-117.853,-5.19341,-126.54299999999999,-13.8836,-124.262,-11.6022
122,6.62971,3,100.0,2541240,-127.139,-26.9113,-104.262,-4.03515,-110.31200000000001,-10.0847,-127.12200000000001,-26.9156,-104.241,-4.03505,-110.29,-10.084
124,-58.7559,3,100.0,0,-122.146,-18.0446,-114.039,-9.93727,-108.412,-4.310230000000001,-122.12299999999999,-18.0351,-113.969,-9.88204,-108.413,-4.325419999999999
125,-33.2001,3,36.0611,15728640,-91.3735,-5.90932,-108.97200000000001,-23.5079,-91.6825,-6.21831,-91.1695,-5.81082,-109.16,-23.8014,-91.6798,-6.32112
126,-7.316669999999999,3,100.0,8871896,-113.26100000000001,-9.18116,-113.416,-9.3365,-110.09,-6.01004,-113.23200000000001,-9.186060000000001,-113.37799999999999,-9.33207,-110.054,-6.0081
127,-9.1627,3,29.041999999999998,15728640,-98.355,-5.31924,-167.517,-74.4816,-99.9134,-6.87771,-98.2201,-12.6061,-131.61700000000002,-46.0034,-99.9204,-14.3063
128,-43.3096,3,100.0,3664888,-94.4552,-4.95478,-97.4315,-7.93106,-106.72200000000001,-17.2214,-94.1121,-4.79634,-97.5536,-8.237789999999999,-106.742,-17.4259
129,27.5945,3,35.4251,15728640,-91.2279,-15.3242,-97.4034,-21.4996,-79.2429,-3.33909,-91.0345,-14.9674,-97.4091,-21.342,-79.4323,-3.3651800000000005
130,-23.0471,3,100.0,11310328,-91.272,-4.7918199999999995,-96.4302,-9.95007,-98.2294,-11.7492,-91.0297,-4.67767,-96.583,-10.231,-98.2662,-11.9142
131,-14.7206,3,100.0,12328272,-91.3706,-6.03495,-95.4315,-10.0958,-93.4941,-8.158430000000001,-91.1167,-5.86576,-95.5666,-10.3157,-93.5559,-8.304910000000001
133,-18.344,3,100.0,0,-116.804,-6.10743,-117.994,-7.29759,-129.572,-18.8759,-116.775,-6.10837,-117.954,-7.287719999999999,-129.53799999999998,-18.872
134,29.8111,3,40.294000000000004,15728640,-91.3459,-10.6525,-84.8498,-4.15636,-95.9439,-15.2505,-91.0767,-10.4016,-84.8768,-4.20167,-96.0937,-15.4186
135,23.5183,3,100.0,5337328,-107.406,-4.79547,-110.788,-8.1766,-123.74799999999999,-21.1372,-107.37700000000001,-4.79634,-110.755,-8.17355,-123.708,-21.1267
136,1.01889,3,100.0,10247496,-127.999,-18.4549,-113.124,-3.5805,-132.972,-23.4282,-128.028,-18.4505,-113.162,-3.58391,-133.01,-23.4324
137,19.1798,3,42.4641,15728640,-91.4096,-4.49624,-96.2651,-9.35177,-102.363,-15.4493,-91.09200000000001,-4.38649,-96.3251,-9.61963,-102.493,-15.7871
138,-31.2346,3,100.0,10870136,-91.54899999999999,-5.66955,-92.7241,-6.8446,-102.47,-16.5904,-91.2671,-5.48375,-92.8704,-7.08714,-102.49700000000001,-16.7132
139,-34.5338,3,100.0,8450528,-127.921,-20.8226,-110.506,-3.40737,-126.648,-19.5497,-127.90299999999999,-20.8317,-110.477,-3.40536,-126.637,-19.5656
140,1.7511900000000002,3,38.99,15728640,-91.3584,-3.92633,-106.90700000000001,-19.4746,-98.2145,-10.7824,-91.1199,-3.8632400000000002,-107.00200000000001,-19.7456,-98.32,-11.0633
141,-40.8354,3,100.0,3095824,-92.0527,-3.4490800000000004,-102.98200000000001,-14.3784,-108.111,-19.5075,-91.7743,-3.4130199999999995,-103.12899999999999,-14.7678,-108.116,-19.7545
142,-8.63141,3,100.0,14668240,-91.441,-3.3668,-113.375,-25.301,-102.495,-14.4206,-91.1202,-3.33616,-113.491,-25.706999999999997,-102.57799999999999,-14.794
143,3.8420699999999997,3,100.0,15528352,-93.6278,-4.49148,-97.9033,-8.76689,-108.62799999999999,-19.4921,-93.3818,-4.39655,-97.9937,-9.00837,-108.74,-19.7542
144,29.5353,3,42.8291,15728640,-96.5652,-7.489260000000001,-94.1569,-5.0809,-108.68799999999999,-19.6121,-96.2959,-7.29798,-94.1845,-5.18661,-108.838,-19.8398
145,-13.17,3,100.0,7361632,-114.619,-10.2991,-108.855,-4.5351,-118.101,-13.7808,-114.59,-10.306,-108.816,-4.53183,-118.066,-13.7819
146,-8.79541,3,100.0,13016072,-91.5119,-7.15578,-98.6272,-14.2711,-90.0434,-5.68732,-91.245,-6.94318,-98.7484,-14.4466,-90.1227,-5.82089
147,17.456,3,43.4251,15728640,-91.4049,-3.50495,-102.956,-15.0562,-104.41799999999999,-16.5176,-91.0532,-3.4595300000000004,-103.023,-15.4291,-104.541,-16.9476
148,-16.0004,3,100.0,21720,-116.87100000000001,-6.61273,-126.145,-15.8868,-117.125,-6.866860000000001,-116.84200000000001,-6.6125300000000005,-126.10600000000001,-15.8761,-117.09100000000001,-6.8614
149,-29.3738,3,100.0,5060760,-91.6393,-4.73105,-95.3217,-8.41342,-104.08,-17.1716,-91.26100000000001,-4.57546,-95.4474,-8.76186,-104.125,-17.4399
150,-52.5752,3,100.0,5331536,-110.925,-14.7699,-99.6013,-3.4461699999999995,-115.205,-19.0501,-110.904,-14.7965,-99.55,-3.4428400000000003,-115.2,-19.0927
151,1.37962,3,100.0,13559072,-91.4039,-3.8763400000000003,-98.7072,-11.1796,-106.09899999999999,-18.5714,-91.1855,-3.82122,-98.8018,-11.4375,-106.20200000000001,-18.8381
152,-46.0218,3,22.3821,15728640,-99.5067,-20.2879,-82.3141,-3.09525,-114.7,-35.4812,-99.3933,-19.8661,-82.6312,-3.10396,-114.641,-35.1134
153,-26.112,3,100.0,1190256,-91.5491,-8.43272,-100.616,-17.4994,-87.8193,-4.70286,-91.1918,-8.143889999999999,-100.744,-17.6963,-87.8688,-4.820880000000001
155,-42.5057,3,39.982,15728640,-91.2943,-7.700130000000001,-89.3033,-5.70908,-95.7093,-12.1152,-91.0698,-7.465110000000001,-89.4753,-5.87059,-95.6944,-12.0897
156,-2.31725,3,40.514,15728640,-91.37799999999999,-6.9272100000000005,-91.2782,-6.8273600000000005,-94.9417,-10.4909,-91.0966,-6.70281,-91.3846,-6.99079,-95.0377,-10.6439
157,-22.4489,3,22.3731,15728640,-84.4514,-5.25635,-177.195,-98.0002,-86.1446,-6.94955,-84.3415,-5.23284,-177.33900000000003,-98.2307,-86.0932,-6.984489999999999
158,-25.6446,3,100.0,8986288,-91.2957,-5.7129900000000005,-92.8857,-7.302989999999999,-99.0159,-13.4332,-91.0701,-5.54913,-93.0496,-7.52866,-99.0406,-13.5196
159,-4.6031,3,44.2211,15728640,-92.2093,-5.27327,-99.9241,-12.9881,-95.1037,-8.16767,-91.7518,-5.05765,-100.02799999999999,-13.3334,-95.1951,-8.500910000000001
160,8.444289999999999,3,100.0,14019536,-114.68700000000001,-12.2333,-176.861,-74.407,-106.101,-3.64666,-114.542,-29.3245,-93.6351,-8.41723,-106.211,-20.9931
161,-12.4885,3,100.0,10034640,-91.4048,-3.9845599999999997,-101.18299999999999,-13.7627,-99.7763,-12.3561,-91.0343,-3.89519,-101.3,-14.1608,-99.8537,-12.7146
162,-57.0523,3,100.0,15227168,-91.2922,-7.75069,-100.40899999999999,-16.868,-88.6076,-5.06604,-91.0357,-7.59628,-100.54700000000001,-17.1072,-88.5753,-5.13591
163,-33.3015,3,100.0,9039864,-115.35700000000001,-4.04361,-128.276,-16.9627,-127.976,-16.6629,-115.339,-4.04141,-128.247,-16.95,-127.964,-16.6673
164,-16.7158,3,100.0,11520288,-108.057,-3.5446400000000002,-118.145,-13.6323,-133.908,-29.3951,-108.02799999999999,-3.5448,-118.105,-13.6219,-133.873,-29.3901
165,-25.0988,3,29.901,15728640,-96.241,-3.24246,-178.015,-85.0168,-109.005,-16.0068,-96.1233,-3.23868,-178.292,-85.4069,-108.959,-16.0745
166,-32.9666,3,100.0,6317624,-91.4595,-3.51292,-107.92399999999999,-19.9773,-101.485,-13.538,-91.1344,-3.47347,-108.059,-20.3984,-101.516,-13.8548
167,8.38602,3,31.3121,15728640,-91.2041,-4.06334,-109.319,-22.1786,-97.0828,-9.942060000000001,-91.0505,-4.0073300000000005,-109.354,-22.3109,-97.2007,-10.1575
168,-8.77476,3,100.0,8996424,-115.185,-7.98353,-121.57600000000001,-14.3742,-112.738,-5.53646,-115.156,-7.98647,-121.537,-14.3676,-112.70200000000001,-5.532830000000001
169,-6.5461599999999995,3,100.0,14481448,-93.9268,-5.625430000000001,-94.9956,-6.694189999999999,-107.61,-19.3089,-93.5777,-5.42401,-95.1063,-6.95263,-107.699,-19.5449
170,-5.58573,3,43.2051,15728640,-91.6619,-9.07444,-90.6983,-8.11085,-89.1313,-6.54381,-91.3126,-8.742289999999999,-90.8076,-8.23731,-89.2213,-6.65105
171,-9.25762,3,100.0,12684480,-111.958,-3.9246800000000004,-124.061,-16.0286,-122.03200000000001,-13.9992,-111.929,-3.92394,-124.023,-16.0183,-121.99700000000001,-13.9919
172,-45.4788,3,100.0,4330968,-91.3507,-5.25355,-95.8159,-9.718810000000001,-96.3294,-10.2323,-91.1048,-5.1266099999999994,-95.9735,-9.99532,-96.3152,-10.3371
173,-11.0123,3,34.2501,15728640,-91.3225,-7.716239999999999,-88.70299999999999,-5.0967199999999995,-100.29899999999999,-16.6928,-91.1537,-7.51967,-88.8414,-5.20734,-100.338,-16.7045
174,10.2896,3,36.0601,15728640,-91.2819,-13.462,-91.413,-13.5931,-81.6796,-3.85969,-91.0803,-13.1646,-91.4737,-13.5581,-81.813,-3.89733
175,23.1969,3,38.949,15728640,-91.3514,-7.0007,-90.4398,-6.08916,-97.0052,-12.6546,-91.1126,-6.8256,-90.4752,-6.188219999999999,-97.1596,-12.8726
176,9.2157,3,43.3501,15728640,-91.5388,-5.06128,-94.0237,-7.5461800000000006,-105.681,-19.2036,-91.2627,-4.93001,-94.1029,-7.77026,-105.802,-19.4696
177,6.03581,3,43.5561,15728640,-91.6876,-5.4778400000000005,-96.7998,-10.5901,-95.0981,-8.88842,-91.3225,-5.281969999999999,-96.8892,-10.8486,-95.2072,-9.16671
178,10.3466,3,40.316,15728640,-91.4259,-5.1512199999999995,-94.9313,-8.65662,-98.6323,-12.3577,-91.1498,-5.01231,-95.0076,-8.87018,-98.7556,-12.6181
179,-33.81,3,100.0,5335880,-122.775,-7.5514,-124.743,-9.51937,-127.84700000000001,-12.6239,-122.756,-7.5473,-124.713,-9.50446,-127.835,-12.6264
180,-28.0714,3,100.0,15023000,-96.9077,-3.37031,-169.488,-75.9502,-107.66,-14.1223,-96.794,-3.3653,-169.84599999999998,-76.4171,-107.60799999999999,-14.1793
181,-56.8358,3,100.0,5897704,-91.4074,-4.59733,-105.584,-18.7738,-95.3627,-8.55269,-91.1902,-4.539630000000001,-105.736,-19.0855,-95.3204,-8.669830000000001
182,-8.36979,3,35.6261,15728640,-91.3724,-5.11355,-96.5581,-10.2992,-96.3302,-10.0714,-91.1783,-5.0051,-96.6849,-10.5117,-96.3942,-10.221
183,-35.1204,3,100.0,11542008,-91.4024,-8.9139,-96.6661,-14.1776,-87.2605,-4.77198,-91.1981,-8.75354,-96.8551,-14.4105,-87.2536,-4.809069999999999
184,-32.7211,3,100.0,12648280,-91.4102,-4.76463,-94.9485,-8.30298,-104.071,-17.4255,-91.1286,-4.63121,-95.0954,-8.597999999999999,-104.094,-17.5967
185,-27.3975,3,100.0,11366800,-132.187,-28.6504,-106.68700000000001,-3.15002,-127.789,-24.2523,-132.16899999999998,-28.658,-106.661,-3.14934,-127.77600000000001,-24.2653
186,-1.33912,3,37.041,15728640,-91.3381,-4.6756,-99.7659,-13.1034,-96.2461,-9.58358,-91.1197,-4.57754,-99.8692,-13.327,-96.3408,-9.79867
187,17.8426,3,36.400999999999996,15728640,-91.2711,-3.5248,-106.425,-18.6789,-101.51299999999999,-13.7665,-91.0636,-3.48875,-106.465,-18.8896,-101.669,-14.0936
188,28.8218,3,28.373,15728640,-91.2242,-12.9904,-193.892,-115.65799999999999,-81.7044,-3.4706,-91.0909,-12.5849,-193.855,-115.34899999999999,-82.0244,-3.5183699999999996
190,-28.0682,3,100.0,9690016,-91.3865,-5.8293,-96.4378,-10.8806,-93.6019,-8.04475,-90.9912,-5.6113,-96.5611,-11.1812,-93.6516,-8.27164
191,2.04557,3,100.0,11259648,-112.56299999999999,-9.10515,-108.86,-5.40183,-114.51899999999999,-11.0613,-112.59200000000001,-9.10008,-108.896,-5.40414,-114.55799999999999,-11.0654
192,3.43143,3,32.6711,15728640,-102.346,-7.517360000000001,-161.43,-66.6011,-104.185,-9.35683,-102.20299999999999,-18.2102,-87.2219,-3.2295700000000003,-104.262,-20.27
193,-55.4106,3,100.0,9232448,-95.0615,-3.70643,-103.38,-12.025,-111.08200000000001,-19.7267,-94.7858,-3.6515800000000005,-103.51299999999999,-12.3788,-111.05799999999999,-19.9241
194,-13.7866,3,100.0,11139464,-91.7093,-7.59225,-89.2948,-5.17773,-100.66,-16.5427,-91.2842,-7.25016,-89.4089,-5.37486,-100.736,-16.7023
195,23.2874,3,100.0,10844072,-113.796,-6.04176,-116.87700000000001,-9.122539999999999,-117.73100000000001,-9.976460000000001,-113.76700000000001,-6.04336,-116.844,-9.12018,-117.69,-9.96679
196,-2.38573,3,100.0,13178248,-91.2099,-3.41534,-190.574,-102.78,-101.337,-13.5422,-91.0861,-3.40369,-190.60299999999998,-102.921,-101.346,-13.6633
197,19.1377,3,25.2051,15728640,-91.1623,-11.9383,-190.217,-110.993,-82.8296,-3.6056,-91.0444,-11.7021,-190.17700000000002,-110.835,-82.9836,-3.6414
198,-33.1833,3,100.0,13537352,-91.2948,-4.54605,-99.5622,-12.8135,-96.9095,-10.1607,-91.0802,-4.46512,-99.7415,-13.1265,-96.9112,-10.2962
199,14.2001,3,100.0,10764432,-91.4312,-4.09741,-108.74,-21.4058,-97.1977,-9.86399,-91.0265,-3.98801,-108.815,-21.7764,-97.3136,-10.2752
200,16.5745,3,36.231,15728640,-91.2298,-4.32076,-97.7151,-10.8061,-100.195,-13.2858,-91.0251,-4.248,-97.7571,-10.9799,-100.348,-13.5709
